911.991504, 1029.999999
902.042856, 1029.223822
892.314299, 1026.929117
883.031547, 1023.264742
874.282694, 1018.430386
866.115093, 1012.644850
858.539281, 1006.118307
851.518710, 999.013591
844.989669, 991.436758
838.919672, 983.499315
833.250761, 975.255693
827.954858, 966.778052
822.992493, 958.103439
818.326805, 949.253176
813.935424, 940.259918
809.802974, 931.161399
805.903420, 921.962717
802.212634, 912.660273
798.724206, 903.286535
795.426522, 893.857127
792.298652, 884.353330
789.335900, 874.797781
786.528879, 865.195739
783.868781, 855.549926
781.351684, 845.877726
778.969470, 836.178384
776.710641, 826.431411
774.576375, 816.667079
772.556198, 806.861544
770.651358, 797.043796
768.855751, 787.205856
767.167048, 777.357336
765.579872, 767.488107
764.089449, 757.586688
762.699695, 747.699905
761.400544, 737.775774
760.193318, 727.840541
759.077564, 717.910867
758.048375, 707.962165
757.105569, 698.010263
756.246884, 688.050095
755.470361, 678.076052
754.775747, 668.103478
754.161203, 658.126290
753.625190, 648.137929
753.166938, 638.142371
752.785661, 628.143487
752.480852, 618.156159
752.250797, 608.150688
752.095553, 598.163991
752.013867, 588.165772
752.005357, 578.166693
752.070051, 568.155713
752.208372, 558.155669
752.420682, 548.169620
752.708408, 538.167491
753.071738, 528.175119
753.512281, 518.174184
754.029864, 508.190437
754.625703, 498.216832
755.302087, 488.236092
756.058545, 478.274074
756.899504, 468.293147
757.822598, 458.340429
758.830678, 448.399924
759.927216, 438.456594
761.111309, 428.536715
762.389356, 418.606148
763.757741, 408.711498
765.223449, 398.819989
766.788439, 388.939399
768.454638, 379.077804
770.227397, 369.224951
772.105434, 359.408727
774.094347, 349.620120
776.204265, 339.833944
778.434266, 330.080231
780.786999, 320.371154
783.273900, 310.685937
785.898478, 301.039953
788.673675, 291.417317
791.594038, 281.868384
794.683170, 272.350131
797.941038, 262.900919
801.388480, 253.501432
805.025954, 244.194453
808.876102, 234.969198
812.957560, 225.835524
817.284123, 216.822021
821.876380, 207.950518
826.768985, 199.228668
831.992603, 190.688406
837.573040, 182.384189
843.537277, 174.381948
849.956292, 166.712254
856.862578, 159.483758
864.304684, 152.810822
872.333528, 146.836165
880.938993, 141.767102
890.122948, 137.803647
899.751847, 135.177680
909.677464, 134.041863
919.654598, 134.457471
929.466336, 136.410552
938.864187, 139.774946
947.741366, 144.357111
956.033490, 149.932486
963.744427, 156.301872
970.895021, 163.288988
977.535019, 170.766318
983.711724, 178.632861
989.469907, 186.810920
994.851753, 195.243302
999.884186, 203.868238
1004.617548, 212.682781
1009.068262, 221.640605
1013.258040, 230.714455
1017.213004, 239.898221
1020.951897, 249.180537
1024.486916, 258.541562
1027.824547, 267.950194
1030.991293, 277.438614
1033.991828, 286.983921
1036.830907, 296.564331
1039.522339, 306.192249
1042.074367, 315.867045
1044.490476, 325.573004
1046.778216, 335.312694
1048.940694, 345.072709
1050.984755, 354.858423
1052.916649, 364.676927
1054.735284, 374.499344
1056.449881, 384.353249
1058.062316, 394.230115
1059.571611, 404.102165
1060.988383, 414.020150
1062.305936, 423.917766
1063.533987, 433.847731
1064.671361, 443.783792
1065.719636, 453.719718
1066.683313, 463.680800
1067.562415, 473.651560
1068.357309, 483.616291
1069.070150, 493.580516
1069.703438, 503.561071
1070.257919, 513.553837
1070.733401, 523.532892
1071.132746, 533.538015
1071.455002, 543.521446
1071.702413, 553.523773
1071.875016, 563.519347
1071.973799, 573.527286
1071.999158, 583.520637
1071.951512, 593.521570
1071.830503, 603.512400
1071.635245, 613.512399
1071.364896, 623.518048
1071.019473, 633.503711
1070.597141, 643.498921
1070.097446, 653.488778
1069.519608, 663.469356
1068.862122, 673.447309
1068.124001, 683.418225
1067.304280, 693.377561
1066.399049, 703.351860
1065.410939, 713.294179
1064.334691, 723.240649
1063.171168, 733.164991
1061.916658, 743.081531
1060.566837, 753.003489
1059.122646, 762.903916
1057.582598, 772.775821
1055.941980, 782.630942
1054.195471, 792.479686
1052.340724, 802.312607
1050.375434, 812.119881
1048.297331, 821.891294
1046.096073, 831.651209
1043.768518, 841.386613
1041.315958, 851.067104
1038.722204, 860.728922
1035.983306, 870.355057
1033.095372, 879.927678
1030.049547, 889.443378
1026.831197, 898.910998
1023.429813, 908.320381
1019.834314, 917.658192
1016.038744, 926.894224
1012.013792, 936.048169
1007.739639, 945.104497
1003.207646, 954.017047
998.390179, 962.770097
993.251140, 971.347454
987.765294, 979.698324
981.878547, 987.796946
975.568257, 995.551367
968.774973, 1002.894815
961.465151, 1009.703642
953.589017, 1015.845154
945.110284, 1021.147237
936.056611, 1025.387098
926.511002, 1028.342368
916.634185, 1029.832903
917.348919, 997.590240
926.920620, 994.826559
935.679038, 990.022329
943.537064, 983.843079
950.584066, 976.763859
956.958014, 969.066947
962.772336, 960.929648
968.115590, 952.467245
973.041666, 943.784894
977.633723, 934.884868
981.909946, 925.851972
985.918120, 916.687547
989.679329, 907.428184
993.223258, 898.073327
996.559681, 888.660721
999.715977, 879.168279
1002.700373, 869.618364
1005.520958, 860.029487
1008.193648, 850.386830
1010.721444, 840.715124
1013.115083, 831.006510
1015.380849, 821.265090
1017.524679, 811.492633
1019.548802, 801.705391
1021.462008, 791.884978
1023.262936, 782.061630
1024.962597, 772.196106
1026.559313, 762.316447
1028.054710, 752.433291
1029.453008, 742.538557
1030.757946, 732.622785
1031.970557, 722.693987
1033.091951, 712.759883
1034.125215, 702.808736
1035.069396, 692.866463
1035.929015, 682.900846
1036.704535, 672.917414
1037.395175, 662.941450
1038.003101, 652.958569
1038.528923, 642.973784
1038.973297, 632.991950
1039.337588, 622.997213
1039.622056, 612.993695
1039.826651, 603.006241
1039.952553, 592.997221
1039.999598, 583.012211
1039.968195, 572.995118
1039.858300, 563.005211
1039.669566, 553.015168
1039.401341, 543.018562
1039.052681, 533.009369
1038.624749, 523.032708
1038.114458, 513.031954
1037.523207, 503.052341
1036.849422, 493.078562
1036.092529, 483.115755
1035.250278, 473.149813
1034.321737, 463.186800
1033.306034, 453.232996
1032.202357, 443.294906
1031.009953, 433.379260
1029.723207, 423.456370
1028.343242, 413.552980
1026.866334, 403.659524
1025.291167, 393.785364
1023.613484, 383.922955
1021.831741, 374.083290
1019.941191, 364.261137
1017.940109, 354.469382
1015.823315, 344.705430
1013.581513, 334.952939
1011.212208, 325.229831
1008.713088, 315.554941
1006.069703, 305.904301
1003.279002, 296.302375
1000.329458, 286.747527
997.208825, 277.243194
993.908825, 267.811209
990.406855, 258.440754
986.688561, 249.155528
982.734216, 239.975931
978.513156, 230.912533
973.993234, 221.993853
969.130430, 213.250737
963.884418, 204.752289
958.169702, 196.539373
951.919976, 188.745943
945.010965, 181.515856
937.315984, 175.118063
928.756704, 170.000176
919.310786, 166.764559
909.371290, 166.099146
899.621105, 168.186485
890.620290, 172.505242
882.520360, 178.366262
875.268985, 185.231194
868.716855, 192.788788
862.761236, 200.817883
857.301455, 209.193832
852.261665, 217.832982
847.589723, 226.665116
843.230406, 235.666192
839.151084, 244.798997
835.325295, 254.033348
831.723015, 263.366154
828.329672, 272.770029
825.122282, 282.252044
822.096618, 291.773681
819.231366, 301.356330
816.523106, 310.970901
813.952473, 320.650635
811.524634, 330.342935
809.225236, 340.072934
807.048353, 349.838540
804.991800, 359.623288
803.049994, 369.428340
801.217755, 379.256777
799.490329, 389.113453
797.866223, 398.987144
796.343838, 408.867092
794.918941, 418.761201
793.587778, 428.678762
792.351580, 438.592991
791.204627, 448.533218
790.148146, 458.473476
789.179109, 468.425841
788.296672, 478.383938
787.498436, 488.361304
786.785241, 498.332661
786.154890, 508.312301
785.606784, 518.295168
785.140281, 528.276366
784.753983, 538.271669
784.447640, 548.276921
784.221356, 558.267281
784.074099, 568.259344
784.005453, 578.270350
784.015438, 588.274716
784.103932, 598.270613
784.271270, 608.267601
784.517797, 618.261835
784.843825, 628.249368
785.250544, 638.246464
785.737601, 648.228312
786.307646, 658.230611
786.959021, 668.208249
787.693380, 678.176298
788.511261, 688.129500
789.416825, 698.100958
790.407445, 708.045735
791.487766, 717.995710
792.656722, 727.924941
793.917442, 737.844909
795.270996, 747.747745
796.721092, 757.643182
798.269072, 767.521960
799.919179, 777.391808
801.669852, 787.224776
803.531961, 797.060753
805.504270, 806.869629
807.588409, 816.638082
809.796916, 826.399624
812.128522, 836.121108
814.593085, 845.815213
817.193169, 855.461292
819.943733, 865.080477
822.848027, 874.646086
825.922394, 884.170114
829.170594, 893.618489
832.619549, 903.017123
836.274024, 912.319671
840.158043, 921.521839
844.307029, 930.627686
848.742858, 939.591158
853.508965, 948.388949
858.639833, 956.951952
864.225645, 965.261436
870.321328, 973.183405
877.039070, 980.587899
884.493386, 987.235369
892.810008, 992.756963
902.038758, 996.582598
911.903909, 997.999867
524.795606, 805.992676
520.343566, 797.057651
517.323840, 787.536680
515.727617, 777.678492
515.436898, 767.690825
516.283327, 757.724626
518.087260, 747.894778
520.692648, 738.231529
523.954266, 728.794167
527.775974, 719.550102
532.062601, 710.518755
536.750457, 701.680365
541.781841, 693.030179
547.096742, 684.581189
552.689555, 676.274397
558.497245, 668.149479
564.527467, 660.151734
570.726178, 652.316973
577.097443, 644.609211
583.623123, 637.025984
590.277250, 629.575748
597.069199, 622.229863
603.979053, 614.994831
610.987711, 607.876617
618.114621, 600.843921
625.319671, 593.925977
632.626977, 587.090339
640.010799, 580.353225
647.486489, 573.693598
655.015127, 567.139439
662.643540, 560.644418
670.319145, 554.248386
678.062317, 547.929252
685.880562, 541.677111
693.751070, 535.506566
701.666244, 529.419706
709.651518, 523.393934
717.684670, 517.443420
725.776428, 511.557704
733.921528, 505.738506
742.097432, 499.999554
750.333718, 494.318099
758.608351, 488.707714
766.934682, 483.157767
775.290435, 477.681563
783.689621, 472.268415
792.147198, 466.907806
800.622216, 461.624542
809.148728, 456.396273
817.723787, 451.224283
826.324991, 446.121294
834.963440, 441.080113
843.631181, 436.108036
852.345890, 431.196435
861.085488, 426.358472
869.876691, 421.580226
878.706985, 416.869676
887.563842, 412.234395
896.454089, 407.671712
905.393982, 403.174644
914.360984, 398.755902
923.370980, 394.409052
932.401325, 390.146433
941.486463, 385.953520
950.603370, 381.843006
959.757383, 377.814431
968.953464, 373.867896
978.177624, 370.011736
987.434331, 366.246460
996.736737, 362.569619
1006.079077, 358.986777
1015.455315, 355.503613
1024.859134, 352.125920
1034.301597, 348.853597
1043.792765, 345.687828
1053.324287, 342.636551
1062.870280, 339.713013
1072.472816, 336.910188
1082.120910, 334.238478
1091.786524, 331.712727
1101.506711, 329.331420
1111.251105, 327.111332
1121.036524, 325.058828
1130.861284, 323.186288
1140.721430, 321.508053
1150.610509, 320.040545
1160.533679, 318.800778
1170.477614, 317.810966
1180.452701, 317.094355
1190.448985, 316.680827
1200.450201, 316.605260
1210.445211, 316.908551
1220.412846, 317.639482
1230.342749, 318.858788
1240.185723, 320.636702
1249.887068, 323.057030
1259.371742, 326.217909
1268.524760, 330.225093
1277.196376, 335.186540
1285.183106, 341.183515
1292.256769, 348.247289
1298.172620, 356.290145
1302.776875, 365.168433
1305.946772, 374.645779
1307.687898, 384.475615
1308.114943, 394.468321
1307.392805, 404.436442
1305.701556, 414.281157
1303.197048, 423.970554
1300.024039, 433.444078
1296.288590, 442.711664
1292.074348, 451.783959
1287.455294, 460.658446
1282.491356, 469.338604
1277.229839, 477.833046
1271.698857, 486.166224
1265.930879, 494.343683
1259.960315, 502.361921
1253.798350, 510.242917
1247.478032, 517.975394
1240.989246, 525.596990
1234.367342, 533.087275
1227.614538, 540.462587
1220.740288, 547.728269
1213.763636, 554.878243
1206.677905, 561.931438
1199.485517, 568.895266
1192.213297, 575.753034
1184.848298, 582.525275
1177.416028, 589.195990
1169.885970, 595.798807
1162.296115, 602.305948
1154.642074, 608.726891
1146.917879, 615.071333
1139.116086, 621.349137
1131.275145, 627.533345
1123.355347, 633.658760
1115.395012, 639.698753
1107.368125, 645.675981
1099.296900, 651.576386
1091.170247, 657.410491
1083.010596, 663.164541
1074.788478, 668.861281
1066.516921, 674.493119
1058.209317, 680.052650
1049.852012, 685.550526
1041.448843, 690.985400
1033.012905, 696.350104
1024.538729, 701.649387
1016.020348, 706.887933
1007.470611, 712.058771
998.863725, 717.178123
990.233583, 722.226400
981.564398, 727.211309
972.867496, 732.124940
964.125775, 736.976241
955.341858, 741.762739
946.518459, 746.481929
937.658392, 751.131269
928.764572, 755.708182
919.840011, 760.210057
910.887826, 764.634242
901.872951, 768.996382
892.837321, 773.274476
883.765434, 777.474431
874.661151, 781.592700
865.509709, 785.633867
856.315603, 789.593515
847.102083, 793.459459
837.836819, 797.242740
828.543595, 800.930752
819.209581, 804.525629
809.840773, 808.021712
800.443441, 811.413226
790.988768, 814.706376
781.519683, 817.881901
771.991415, 820.950026
762.447506, 823.891441
752.845742, 826.713321
743.213737, 829.400765
733.545858, 831.948302
723.838017, 834.348889
714.087829, 836.593833
704.310460, 838.669509
694.491187, 840.567534
684.633759, 842.273695
674.759157, 843.769637
664.832083, 845.043078
654.894700, 846.068248
644.907763, 846.825136
634.921652, 847.281650
624.923964, 847.405810
614.937362, 847.157744
604.957119, 846.488587
595.016430, 845.339978
585.161572, 843.644000
575.453705, 841.322239
565.924978, 838.267876
556.709676, 834.380427
547.970846, 829.562266
539.865588, 823.703858
532.655906, 816.789385
526.561262, 808.861993
555.849106, 795.396790
563.232717, 802.109872
571.857965, 807.130076
581.181022, 810.734246
590.858119, 813.217231
600.722673, 814.826162
610.674863, 815.740111
620.668400, 816.090507
630.668440, 815.973309
640.654298, 815.461086
650.632628, 814.607727
660.557960, 813.460211
670.459271, 812.049708
680.328457, 810.404233
690.138244, 808.551399
699.936027, 806.500796
709.679206, 804.276712
719.384473, 801.889089
729.073773, 799.343355
738.697853, 796.662410
748.299133, 793.843291
757.846784, 790.902543
767.373420, 787.836695
776.850784, 784.660563
786.299262, 781.372554
795.708530, 777.980742
805.068812, 774.493023
814.404361, 770.904037
823.707325, 767.219823
832.970228, 763.446300
842.185964, 759.589273
851.382343, 755.639403
860.536230, 751.608611
869.641815, 747.501697
878.728740, 743.306952
887.774589, 739.036093
896.774556, 734.693019
905.741879, 730.272690
914.672372, 725.778232
923.579964, 721.203416
932.424942, 716.569691
941.257591, 711.851491
950.038416, 707.070406
958.782101, 702.219218
967.485434, 697.300203
976.145300, 692.315620
984.783069, 687.254543
993.368779, 682.135493
1001.917077, 676.949483
1010.424368, 671.698156
1018.886974, 666.383236
1027.318136, 660.995573
1035.696589, 655.547912
1044.051526, 650.020127
1052.344889, 644.436240
1060.588640, 638.787306
1068.793712, 633.064341
1076.938671, 627.280770
1085.049063, 621.416596
1093.102875, 615.485531
1101.093792, 609.490280
1109.044499, 603.411198
1116.932336, 597.262586
1124.749536, 591.047720
1132.515535, 584.747607
1140.220246, 578.366078
1147.853225, 571.907275
1155.416426, 565.364501
1162.910071, 558.731552
1170.320455, 552.013890
1177.645049, 545.206416
1184.879266, 538.304765
1192.016315, 531.305427
1199.057558, 524.195068
1205.979898, 516.983247
1212.788131, 509.648644
1219.452789, 502.203737
1225.977726, 494.620893
1232.332484, 486.906726
1238.505237, 479.040225
1244.465544, 471.015147
1250.185439, 462.811079
1255.620101, 454.415397
1260.710729, 445.815719
1265.391268, 436.976799
1269.554184, 427.883805
1273.053764, 418.514973
1275.674027, 408.872114
1277.103459, 398.982299
1276.897747, 389.003156
1274.540024, 379.309064
1269.734268, 370.579200
1262.777093, 363.418911
1254.406439, 357.993232
1245.228271, 354.062988
1235.612646, 351.319882
1225.785094, 349.509209
1215.832851, 348.432224
1205.856672, 347.950524
1195.842858, 347.957583
1185.862302, 348.375769
1175.893944, 349.146317
1165.950662, 350.223463
1156.029975, 351.572152
1146.169109, 353.157915
1136.331654, 354.962635
1126.539035, 356.963101
1116.780252, 359.145115
1107.052942, 361.495656
1097.365478, 364.000977
1087.723633, 366.649140
1078.130821, 369.429919
1068.557153, 372.344409
1059.032253, 375.376958
1049.537773, 378.527318
1040.085393, 381.786334
1030.669769, 385.151029
1021.284254, 388.619682
1011.937738, 392.185307
1002.638655, 395.841065
993.361003, 399.594204
984.128697, 403.432415
974.931332, 407.357431
965.775068, 411.364349
956.648307, 415.456276
947.556350, 419.629172
938.504273, 423.879056
929.496930, 428.202015
920.521149, 432.603022
911.581157, 437.078939
902.663080, 441.635931
893.806641, 446.252644
884.979670, 450.944796
876.185636, 455.710046
867.427893, 460.546080
858.709685, 465.450613
850.034145, 470.421386
841.395266, 475.460761
832.804943, 480.560043
824.233394, 485.737407
815.719685, 490.969793
807.232373, 496.277068
798.809908, 501.635738
790.404972, 507.076752
782.056010, 512.576360
773.750641, 518.143587
765.493656, 523.776395
757.274033, 529.483792
749.113229, 535.252395
741.000985, 541.091005
732.928191, 547.008370
724.916814, 552.990628
716.958650, 559.046205
709.061165, 565.172099
701.217963, 571.376357
693.437861, 577.655518
685.716481, 584.017090
678.064176, 590.457010
670.478816, 596.982067
662.972499, 603.587429
655.545609, 610.278964
648.200430, 617.061918
640.941283, 623.940810
633.774676, 630.919328
626.709472, 638.000201
619.757064, 645.185069
612.921798, 652.484956
606.222111, 659.898516
599.653234, 667.453858
593.253319, 675.134584
587.031507, 682.962812
581.015386, 690.946047
575.229433, 699.106312
569.726505, 707.439265
564.540727, 715.988747
559.743084, 724.774695
555.438894, 733.799821
551.756195, 743.094766
548.889218, 752.669269
547.123472, 762.497187
546.867242, 772.482938
548.639064, 782.310714
1299.195752, 806.007324
1293.523563, 814.223579
1286.642767, 821.476675
1278.803332, 827.651075
1270.213531, 832.783339
1261.124123, 836.927347
1251.674532, 840.203858
1242.004451, 842.716689
1232.174211, 844.573336
1222.264433, 845.857099
1212.293358, 846.644879
1202.309542, 846.996637
1192.299138, 846.964171
1182.313672, 846.589975
1172.344948, 845.909870
1162.375003, 844.951099
1152.450630, 843.742844
1142.557775, 842.305342
1132.691750, 840.655946
1122.874992, 838.814416
1113.080863, 836.789512
1103.310516, 834.592771
1093.595891, 832.242126
1083.919091, 829.743101
1074.276370, 827.102985
1064.662414, 824.327485
1055.087740, 821.426161
1045.562323, 818.408324
1036.060372, 815.271178
1026.607619, 812.028076
1017.194167, 808.680337
1007.791028, 805.221240
998.458885, 801.676921
989.131259, 798.025533
979.868677, 794.293770
970.621318, 790.464493
961.421907, 786.553660
952.247209, 782.553752
943.129866, 778.481311
934.026990, 774.319151
924.980402, 770.088179
915.955915, 765.774163
906.956992, 761.379899
898.006225, 756.917829
889.107014, 752.391333
880.223948, 747.783480
871.379278, 743.106585
862.575914, 738.363239
853.816664, 733.555992
845.084779, 728.676387
836.392553, 723.731875
827.742819, 718.724938
819.112960, 713.643363
810.545395, 708.511856
802.004834, 703.308800
793.494861, 698.035298
785.037596, 692.704245
776.617939, 687.305293
768.248738, 681.845674
759.924686, 676.320888
751.623404, 670.714402
743.393421, 665.057575
735.195443, 659.321950
727.043297, 653.515057
718.950468, 647.644629
710.913691, 641.706367
702.922295, 635.689881
694.998511, 629.609323
687.116967, 623.442192
679.300551, 617.202897
671.541263, 610.881427
663.861868, 604.492560
656.241059, 598.014254
648.688394, 591.449326
641.227462, 584.813154
633.827386, 578.072037
626.513837, 571.241914
619.298872, 564.326681
612.170481, 557.306072
605.155810, 550.197048
598.235200, 542.968216
591.438705, 535.637601
584.763706, 528.187461
578.232250, 520.625067
571.848084, 512.934634
565.619954, 505.101834
559.570682, 497.125715
553.734951, 489.018393
548.119237, 480.747549
542.755294, 472.307005
537.682569, 463.693599
532.937802, 454.885838
528.582521, 445.889271
524.676739, 436.682911
521.308736, 427.274840
518.577155, 417.651414
516.617537, 407.850602
515.583788, 397.902005
515.656196, 387.903012
517.010554, 378.007953
519.781012, 368.413495
524.009395, 359.355203
529.590670, 351.067597
536.350970, 343.718129
544.095496, 337.397025
552.577475, 332.122364
561.603264, 327.819747
570.991650, 324.398081
580.624753, 321.748005
590.424538, 319.767824
600.333623, 318.370634
610.288543, 317.484450
620.287642, 317.044212
630.282088, 316.998929
640.283484, 317.304611
650.260667, 317.924112
660.215776, 318.826697
670.143661, 319.986179
680.044269, 321.380753
689.922101, 322.992679
699.754710, 324.801989
709.552639, 326.796151
719.313825, 328.962361
729.038294, 331.289698
738.727972, 333.769019
748.386511, 336.392861
757.985184, 339.145369
767.563789, 342.030956
777.095604, 345.035556
786.606269, 348.161789
796.070142, 351.396292
805.497047, 354.737636
814.879799, 358.178960
824.229715, 361.720545
833.540684, 365.356626
842.825284, 369.089067
852.059769, 372.905344
861.276082, 376.816054
870.432281, 380.800854
879.579989, 384.880012
888.677527, 389.033088
897.739681, 393.264715
906.762652, 397.571331
915.742791, 401.949437
924.695796, 406.405244
933.618473, 410.936036
942.488424, 415.529040
951.341233, 420.201590
960.145061, 424.935948
968.906785, 429.734604
977.652897, 434.611449
986.351707, 439.548205
995.005326, 444.545093
1003.637149, 449.615275
1012.216680, 454.741292
1020.750688, 459.927517
1029.273527, 465.195908
1037.725520, 470.510382
1046.158955, 475.904646
1054.533271, 481.353909
1062.880886, 486.880449
1071.161899, 492.459066
1079.416376, 498.118157
1087.613345, 503.838250
1095.773881, 509.635865
1103.867468, 515.491186
1111.922408, 521.426777
1119.916355, 527.428665
1127.859617, 533.507164
1135.745643, 539.660277
1143.567690, 545.885863
1151.333838, 552.193961
1159.021317, 558.569820
1166.651565, 565.035510
1174.215069, 571.588247
1181.701990, 578.225017
1189.102152, 584.942566
1196.418089, 591.749690
1203.650518, 598.654826
1210.798217, 605.665973
1217.834048, 612.766216
1224.766411, 619.974866
1231.577625, 627.286211
1238.270566, 634.718103
1244.833524, 642.275322
1251.242190, 649.949783
1257.489568, 657.756208
1263.563359, 665.707690
1269.429167, 673.792293
1275.081148, 682.042608
1280.488081, 690.465085
1285.598393, 699.040971
1290.391558, 707.815109
1294.811984, 716.793205
1298.790342, 725.975254
1302.241951, 735.354588
1305.070057, 744.936687
1307.152906, 754.725106
1308.330718, 764.652427
1308.430222, 774.642519
1307.273378, 784.558977
1304.712848, 794.218711
1300.697187, 803.364400
1274.912550, 783.673735
1277.013908, 773.931072
1277.018403, 763.935485
1275.441538, 754.072383
1272.709721, 744.448149
1269.130542, 735.114323
1264.906134, 726.051910
1260.184184, 717.253236
1255.046017, 708.664227
1249.580413, 700.293705
1243.839700, 692.119365
1237.852226, 684.107880
1231.658309, 676.257683
1225.279094, 668.551856
1218.742912, 660.989644
1212.052222, 653.546030
1205.240672, 646.235340
1198.297870, 639.027308
1191.249184, 631.932596
1184.096056, 624.938983
1176.859283, 618.054885
1169.522413, 611.254721
1162.101301, 604.545033
1154.611181, 597.931834
1147.040432, 591.398232
1139.387765, 584.937880
1131.691476, 578.577719
1123.907588, 572.276918
1116.073059, 566.061745
1108.183000, 559.924454
1100.231092, 553.857031
1092.224839, 547.862510
1084.171516, 541.943717
1076.062517, 536.092079
1067.903955, 530.310112
1059.701768, 524.600172
1051.445365, 518.953365
1043.139684, 513.371870
1034.806351, 507.868751
1026.416653, 502.423889
1017.974529, 497.039270
1009.501262, 491.727626
1001.001209, 486.490573
992.442986, 481.308230
983.847612, 476.193067
975.218970, 471.146873
966.540794, 466.162200
957.835681, 461.253743
949.088630, 456.413226
940.302916, 451.642925
931.463909, 446.935645
922.611198, 442.312933
913.694523, 437.749290
904.771553, 433.274980
895.792648, 428.865862
886.779986, 424.534139
877.720385, 420.274792
868.636259, 416.099686
859.515000, 412.004360
850.361928, 407.992837
841.165408, 404.061945
831.931621, 400.216563
822.667049, 396.461656
813.361701, 392.795763
804.023154, 389.224793
794.642913, 385.748773
785.229876, 382.374638
775.777329, 379.104009
766.295742, 375.944947
756.764831, 372.895884
747.213065, 369.971599
737.607945, 367.168663
727.965626, 364.499564
718.288644, 361.973446
708.581803, 359.601098
698.824314, 357.388939
689.041960, 355.356099
679.195658, 353.510585
669.333749, 351.880357
659.443049, 350.484875
649.496187, 349.348549
639.539155, 348.511115
629.558930, 348.014035
619.543533, 347.914222
609.551447, 348.287121
599.603255, 349.231678
589.755505, 350.883686
580.077109, 353.441825
570.809712, 357.153778
562.281308, 362.354331
555.134095, 369.302444
550.123701, 377.923078
547.593381, 387.566614
547.250114, 397.544770
548.572591, 407.445940
551.107993, 417.114895
554.537763, 426.515976
558.631176, 435.623391
563.252546, 444.488384
568.294105, 453.123852
573.689271, 461.563444
579.357982, 469.788972
585.280135, 477.850299
591.413062, 485.747388
597.733276, 493.495760
604.219655, 501.105512
610.859517, 508.590454
617.627814, 515.946174
624.523893, 523.191690
631.531967, 530.326635
638.639079, 537.351984
645.846511, 544.280909
653.147473, 551.116789
660.537368, 557.863865
668.000972, 564.515962
675.536652, 571.078616
683.157946, 577.569178
690.840459, 583.971852
698.586818, 590.293632
706.386995, 596.530629
714.260315, 602.701783
722.184285, 608.792513
730.180717, 614.822233
738.212525, 620.765556
746.303030, 626.642261
754.446152, 632.449782
762.635976, 638.185714
770.883039, 643.858914
779.165914, 649.456097
787.495883, 654.986319
795.868289, 660.447610
804.295760, 665.849024
812.757115, 671.177792
821.248025, 676.432274
829.799802, 681.632354
838.373563, 686.754896
847.001558, 691.819666
855.662511, 696.813317
864.369803, 701.741871
873.119661, 706.602699
881.890758, 711.383772
890.715889, 716.102504
899.573461, 720.746600
908.459862, 725.313703
917.389222, 729.810327
926.357483, 734.233398
935.360419, 738.579799
944.411267, 742.854607
953.487640, 747.045923
962.602210, 751.158264
971.749702, 755.187622
980.941825, 759.137232
990.172453, 763.002229
999.435159, 766.777665
1008.723211, 770.458499
1018.062877, 774.052229
1027.429302, 777.546031
1036.830509, 780.939571
1046.273365, 784.231319
1055.763450, 787.418501
1065.273479, 790.487104
1074.822870, 793.438078
1084.413245, 796.265449
1094.044388, 798.961775
1103.714054, 801.518060
1113.417757, 803.923670
1123.162652, 806.169364
1132.951837, 808.242714
1142.770437, 810.125447
1152.626053, 811.801226
1162.519044, 813.248352
1172.441521, 814.439308
1182.399588, 815.342009
1192.395617, 815.914413
1202.391141, 816.101186
1212.389468, 815.832887
1222.356358, 815.015290
1232.229216, 813.522550
1241.944275, 811.173169
1251.329496, 807.719863
1260.053821, 802.851498
1267.552081, 796.267913
911.991797, 662.000000
902.020011, 661.408117
892.193239, 659.617373
882.653959, 656.622399
873.567166, 652.454463
865.090863, 647.178490
857.349057, 640.868948
850.459430, 633.615145
844.555001, 625.556835
839.718625, 616.815397
836.022069, 607.531975
833.511995, 597.853475
832.208505, 587.944917
832.096070, 577.958355
833.170918, 568.019846
835.454206, 558.276673
838.921584, 548.922880
843.547076, 540.062790
849.261016, 531.855163
855.964549, 524.445833
863.558070, 517.944554
871.905176, 512.465137
880.895627, 508.077521
890.358867, 504.858028
900.144640, 502.838314
910.102722, 502.021101
920.090016, 502.387570
929.954400, 503.948853
939.551899, 506.712741
948.745853, 510.664537
957.347959, 515.734685
965.245726, 521.859874
972.307733, 528.944726
978.399640, 536.850710
983.451342, 545.483639
987.369383, 554.679291
990.104921, 564.289840
991.636663, 574.165186
991.972689, 584.158040
991.125366, 594.106371
989.076564, 603.880345
985.823417, 613.343739
981.415355, 622.304054
975.902400, 630.644922
969.387477, 638.206243
961.945765, 644.896758
953.731265, 650.577223
944.854711, 655.176752
935.471814, 658.621050
925.731223, 660.871012
915.798769, 661.915162
665.825576, 381.635215
656.074512, 379.459050
646.989389, 375.321795
638.992447, 369.350380
632.458414, 361.793138
627.695902, 353.025741
624.868358, 343.462293
624.002321, 333.502672
625.055397, 323.590392
628.081560, 314.066469
633.026731, 305.402872
639.717041, 297.989494
647.832338, 292.191925
657.008400, 288.239907
666.785699, 286.259221
676.770433, 286.216616
686.565658, 288.109525
695.773470, 291.972463
703.948907, 297.694474
710.709547, 305.041754
715.741334, 313.666409
718.850491, 323.147259
719.991806, 333.066222
719.213530, 343.013873
716.469760, 352.618916
711.784423, 361.438241
705.332180, 369.045330
697.396883, 375.091040
688.345293, 379.316828
678.632908, 381.578282
812.647384, 949.893541
802.795450, 948.278679
793.472166, 944.688941
785.125689, 939.216823
778.156741, 932.095348
772.858235, 923.619064
769.468506, 914.226318
768.052316, 904.354144
768.558905, 894.379102
771.022851, 884.700033
775.429026, 875.762311
781.649179, 867.951522
789.399331, 861.661269
798.321076, 857.164048
807.963360, 854.622609
817.941156, 854.035523
827.825182, 855.371042
837.242376, 858.677648
845.757196, 863.893297
852.954817, 870.809876
858.497605, 879.102403
862.165173, 888.381583
863.864374, 898.218671
863.630625, 908.212691
861.453197, 917.943019
857.303465, 927.041606
851.338238, 935.020595
843.778400, 941.551767
835.008831, 946.311072
825.424988, 949.138616
1263.482809, 517.997489
1253.553399, 516.936909
1244.049757, 513.911130
1235.388375, 508.962785
1227.977632, 502.269652
1222.174235, 494.136218
1218.234400, 484.973890
1216.257290, 475.195031
1216.218390, 465.210240
1218.120248, 455.398775
1221.989887, 446.194904
1227.717959, 438.024262
1235.070543, 431.269232
1243.683036, 426.251217
1253.165689, 423.145510
1263.086036, 422.007850
1273.051305, 422.793143
1282.635908, 425.537072
1291.453078, 430.225633
1299.069848, 436.693680
1305.109631, 444.633925
1309.322827, 453.672160
1311.583180, 463.405240
1311.892291, 473.372129
1310.268947, 483.240605
1306.680687, 492.543953
1301.205488, 500.888092
1294.067267, 507.865328
1285.602728, 513.149682
1276.208117, 516.535994
1266.334502, 517.948556
