851.100000, 706.705924
851.381155, 716.693723
852.233572, 726.662112
853.665690, 736.559984
855.679412, 746.343014
858.279797, 755.999513
861.457857, 765.474717
865.213513, 774.756018
869.518326, 783.771590
874.369687, 792.519718
879.732681, 800.942748
885.601938, 809.038572
891.947715, 816.769810
898.735889, 824.102035
905.959289, 831.031993
913.564936, 837.513455
921.544215, 843.543704
929.856025, 849.093967
938.492866, 854.159382
947.393251, 858.704121
956.549071, 862.724364
965.914955, 866.198630
975.484120, 869.121075
985.190187, 871.468361
995.047335, 873.239241
1004.967499, 874.413643
1014.944963, 874.989036
1024.954207, 874.958911
1034.927642, 874.321129
1044.840809, 873.077814
1054.670450, 871.231641
1064.373198, 868.791872
1073.907289, 865.773767
1083.232983, 862.198670
1092.354581, 858.073742
1101.215484, 853.435827
1109.787641, 848.304000
1118.045341, 842.670406
1125.954472, 836.554855
1133.494050, 829.971366
1140.612939, 822.965699
1147.308764, 815.542126
1153.549314, 807.736219
1159.317950, 799.569242
1164.597853, 791.062758
1169.352902, 782.276617
1173.581169, 773.216777
1177.265345, 763.916955
1180.390509, 754.411777
1182.939393, 744.757442
1184.913198, 734.948161
1186.297667, 725.051069
1187.091676, 715.080469
1187.292773, 705.091290
1186.919513, 695.083652
1185.975290, 685.139627
1184.449699, 675.257989
1182.339362, 665.483976
1179.647324, 655.861758
1176.371261, 646.403766
1172.530022, 637.173709
1168.132872, 628.193043
1163.201154, 619.502057
1157.749352, 611.121373
1151.805776, 603.088653
1145.382456, 595.415306
1138.519776, 588.144335
1131.232656, 581.286105
1123.567428, 574.878761
1115.532595, 568.925180
1107.169388, 563.453985
1098.503487, 558.480002
1089.541748, 554.009342
1080.347006, 550.075370
1070.946424, 546.689587
1061.366845, 543.863317
1051.614312, 541.603599
1041.755708, 539.930844
1031.817760, 538.852186
1021.826562, 538.374431
1011.828868, 538.503134
1001.871091, 539.238271
991.956066, 540.581170
982.149584, 542.523270
972.473406, 545.057221
962.969018, 548.167438
953.675861, 551.832253
944.599785, 556.039440
935.786420, 560.755428
927.254627, 565.973530
919.042908, 571.692608
911.200559, 577.878541
903.730326, 584.529183
896.668433, 591.614023
890.047701, 599.098511
883.884605, 606.961654
878.195796, 615.182161
872.998110, 623.738448
868.327315, 632.570452
864.185515, 641.672324
860.593457, 651.000243
857.561230, 660.529180
855.101087, 670.223922
853.222629, 680.048867
851.932692, 689.968277
851.236108, 699.924667
972.694846, 855.100000
962.696331, 854.858075
952.735186, 854.131938
942.811406, 852.918471
932.960700, 851.218981
923.199003, 849.034273
913.561648, 846.371340
904.064614, 843.234654
894.742307, 839.636535
885.592786, 835.576510
876.667417, 831.078435
867.964439, 826.143256
859.516347, 820.790332
851.353706, 815.042314
843.460407, 808.888450
835.882105, 802.363794
828.632499, 795.482045
821.725290, 788.256903
815.174176, 780.702066
808.992858, 772.831236
803.205765, 764.674049
797.824282, 756.245820
792.868803, 747.578692
788.331255, 738.654175
784.247538, 729.539432
780.609955, 720.215014
777.440505, 710.732801
774.744077, 701.109257
772.525160, 691.360377
770.787846, 681.501693
769.539895, 671.588460
768.777718, 661.616553
768.501253, 651.621330
768.707666, 641.630242
769.398761, 631.659562
770.577681, 621.725298
772.243213, 611.863156
774.389853, 602.108232
777.019224, 592.457133
780.123077, 582.945346
783.689172, 573.607293
787.709704, 564.458523
792.176581, 555.514906
797.081427, 546.792625
802.404948, 538.324204
808.135924, 530.124789
814.250888, 522.224549
820.749014, 514.622854
827.605230, 507.348858
834.805837, 500.416261
842.337135, 493.838762
850.185424, 487.630061
858.321108, 481.814645
866.728865, 476.403901
875.393533, 471.409065
884.282675, 466.849628
893.397963, 462.726435
902.706467, 459.056901
912.173792, 455.854753
921.783458, 453.124897
931.538905, 450.867841
941.366231, 449.099685
951.288630, 447.814254
961.250860, 447.017086
971.257918, 446.705011
981.244314, 446.876793
991.224867, 447.533625
1001.157290, 448.675383
1011.025445, 450.301676
1020.799130, 452.408717
1030.448625, 454.989964
1039.985119, 458.050181
1049.338931, 461.567448
1058.521670, 465.545200
1067.479805, 469.959013
1076.225085, 474.813101
1084.718591, 480.087121
1092.939879, 485.775026
1100.873514, 491.857376
1108.505407, 498.323772
1115.811416, 505.153924
1122.778527, 512.335607
1129.375908, 519.835325
1135.610153, 527.660086
1141.452452, 535.774621
1146.892821, 544.164045
1151.921366, 552.813589
1156.516094, 561.683580
1159.712534, 571.113188
1159.685635, 581.077866
1156.413520, 590.474829
1150.250277, 598.275122
1141.852037, 603.614981
1132.174464, 605.942860
1122.249703, 604.976307
1113.198832, 600.830162
1106.023107, 593.948756
1101.182789, 585.227719
1096.311389, 576.482749
1090.856756, 568.109502
1084.826609, 560.119649
1078.278051, 552.585764
1071.209039, 545.503131
1063.685788, 538.936369
1055.721058, 532.892744
1047.361009, 527.406028
1038.630488, 522.509274
1029.590634, 518.243738
1020.272136, 514.621938
1010.725408, 511.661767
1000.982998, 509.371903
991.117434, 507.766116
981.162633, 506.844797
971.173364, 506.607959
961.194701, 507.054694
951.247155, 508.192823
941.418619, 510.018218
931.740393, 512.526112
922.271092, 515.700807
913.030011, 519.535509
904.087378, 523.999704
895.474201, 529.074089
887.222171, 534.738729
879.394576, 540.946746
871.999428, 547.689677
865.104126, 554.903649
858.698822, 562.600238
852.845562, 570.710415
847.574037, 579.191602
842.898325, 588.024289
838.845498, 597.165966
835.438699, 606.572906
832.700177, 616.186997
830.639086, 625.976056
829.266388, 635.880855
828.584120, 645.841345
828.587090, 655.845287
829.276673, 665.818373
830.656049, 675.721068
832.723651, 685.507757
835.468494, 695.119214
838.876281, 704.510503
842.934168, 713.649457
847.621531, 722.490988
852.906051, 730.979728
858.765247, 739.085350
865.158180, 746.756898
872.076849, 753.985895
879.466742, 760.714605
887.309398, 766.925639
895.542955, 772.569663
904.171214, 777.645815
913.117198, 782.104255
922.348464, 785.928150
931.833470, 789.101481
941.514238, 791.602986
951.345048, 793.421812
961.280335, 794.552075
971.275025, 794.993066
981.258554, 794.756197
991.217736, 793.844579
1001.091588, 792.246580
1010.818143, 789.961744
1020.364620, 786.991843
1029.680087, 783.359006
1039.403928, 781.224495
1049.286720, 782.413168
1058.244413, 786.768996
1065.257504, 793.812342
1069.584742, 802.783897
1070.774466, 812.668059
1068.650198, 822.387350
1063.463134, 830.888436
1055.768926, 837.193906
1046.618991, 841.212192
1037.224842, 844.628422
1027.656370, 847.578022
1017.980242, 850.039732
1008.167754, 852.021173
998.287757, 853.509761
988.331250, 854.510654
978.348956, 855.023508
1136.690039, 749.599998
1126.890294, 747.903924
1118.164281, 743.133670
1111.483064, 735.757519
1107.571003, 726.600018
1106.865762, 716.663766
1109.334442, 707.019064
1112.205138, 697.434630
1114.385246, 687.670668
1115.889477, 677.786031
1117.994042, 668.053661
1123.107681, 659.519468
1130.730727, 653.123472
1140.042111, 649.577209
1149.985364, 649.317758
1159.483499, 652.280423
1167.480489, 658.216423
1173.098078, 666.436667
1175.717578, 676.047461
1175.252113, 686.011371
1173.782213, 695.898212
1171.835143, 705.699016
1169.407725, 715.399580
1166.501998, 724.962367
1162.820472, 734.250098
1156.610181, 742.022482
1148.180660, 747.311494
1138.473205, 749.547446
1220.000001, 476.008823
1221.545134, 485.841993
1226.133624, 494.672742
1233.280692, 501.595961
1242.240766, 505.976164
1252.106208, 507.337307
1261.884320, 505.477129
1270.581157, 500.656903
1277.354728, 493.344907
1281.482979, 484.289855
1282.560878, 474.390308
1280.517481, 464.648746
1275.461217, 456.053299
1267.968437, 449.506944
1258.805712, 445.591122
1248.892008, 444.744418
1239.224582, 447.110517
1230.766465, 452.375666
1224.385378, 460.022099
1220.726446, 469.292206
1271.097224, 330.600000
1261.094179, 330.600000
1251.107595, 330.600000
1241.100771, 330.600000
1231.096344, 330.600000
1221.099762, 330.600000
1211.090974, 330.600000
1201.533188, 330.403074
1191.905522, 327.813026
1183.391415, 322.643127
1176.332616, 315.577736
1170.832385, 307.246916
1166.848766, 298.073480
1164.341907, 288.402510
1163.256349, 278.476403
1163.556682, 268.486154
1163.894443, 258.502127
1163.079281, 248.556682
1160.880024, 238.803970
1157.343582, 229.467120
1152.538200, 220.699768
1146.569695, 212.676049
1139.571932, 205.556621
1131.655909, 199.452483
1122.981814, 194.498347
1113.697311, 190.792753
1103.993671, 188.423044
1094.053494, 187.432004
1084.058203, 187.400000
1074.053653, 187.400000
1064.059753, 187.400000
1054.047811, 187.400000
1044.048537, 187.400000
1034.060106, 187.400000
1024.054006, 187.400000
1014.051013, 187.400000
1004.048763, 187.400000
994.060437, 187.400000
984.058248, 187.400000
974.059789, 187.400000
964.053198, 187.400000
954.046863, 187.400000
944.049175, 187.400000
934.048291, 187.400000
924.050658, 187.400000
914.051200, 187.400000
904.051770, 187.400000
894.060095, 187.400000
884.057846, 187.400000
874.049025, 187.400000
864.048752, 187.400000
854.045067, 187.400000
844.054163, 187.400000
834.045702, 187.435074
824.109375, 188.439687
814.397505, 190.826504
805.132151, 194.539932
796.453875, 199.512733
788.557300, 205.619471
781.559982, 212.758268
775.610541, 220.779739
770.822133, 229.541619
767.292152, 238.896739
765.108003, 248.640287
764.304374, 258.603374
764.426657, 268.602671
764.726503, 278.586285
763.412081, 288.485462
760.480043, 298.035329
756.007397, 306.958906
750.069707, 315.006791
742.790327, 321.829237
734.276944, 327.037894
724.767498, 330.078815
714.910176, 330.600000
704.914918, 330.600000
704.300000, 321.213140
704.300000, 311.220908
704.300000, 301.208908
704.300000, 291.202412
704.300000, 281.214580
704.089753, 271.219821
701.292586, 261.667441
695.509101, 253.559112
687.401874, 247.792518
677.844844, 245.006088
667.901980, 245.480257
658.662348, 249.177022
651.140381, 255.704150
646.172364, 264.321730
644.308032, 274.096778
644.300000, 284.096044
644.300000, 294.101530
644.300000, 304.093382
644.300000, 314.100051
644.300000, 324.108777
641.211427, 331.269374
631.302046, 332.604409
621.518445, 334.646679
611.906823, 337.387256
602.513551, 340.812425
593.384817, 344.903936
584.577180, 349.632908
576.123454, 354.977756
568.076836, 360.900655
560.458707, 367.383227
553.319119, 374.382091
546.687314, 381.868071
540.607152, 389.791485
535.090343, 398.141589
530.189188, 406.844409
525.913092, 415.889054
522.298259, 425.208254
519.363492, 434.755700
517.118157, 444.510453
515.581904, 454.388591
514.756639, 464.343187
514.600000, 474.349588
514.600000, 484.357708
514.600000, 494.346720
514.600000, 504.349324
514.600000, 514.340837
514.600000, 524.346750
514.600000, 534.346421
514.600000, 544.352591
514.600000, 554.344576
514.600000, 564.357052
514.600000, 574.343137
514.600000, 584.353095
514.600000, 594.352893
514.600000, 604.349955
514.600000, 614.341779
514.600000, 624.349081
514.600000, 634.342988
514.600000, 644.351352
514.600000, 654.349778
514.600000, 664.351754
514.600000, 674.353398
514.600000, 684.351205
514.600000, 694.341640
514.600000, 704.357240
514.600000, 714.356084
514.600000, 724.349741
514.600000, 734.347106
514.600000, 744.353464
514.600000, 754.352441
514.600000, 764.356779
514.600000, 774.354578
514.600000, 784.341222
514.600000, 794.344932
514.600000, 804.342002
514.600000, 814.353762
514.600000, 824.355370
514.600000, 834.343652
514.600000, 844.347004
514.600000, 854.342777
514.600000, 864.358287
514.600071, 874.341342
514.965988, 884.348018
516.043023, 894.279311
517.832039, 904.116565
520.324628, 913.799104
523.508329, 923.279906
527.365887, 932.512076
531.869131, 941.437599
536.989723, 950.012527
542.711532, 958.215547
548.994898, 965.992616
555.812727, 973.312713
563.117788, 980.127285
570.889491, 986.417058
579.076395, 992.138421
587.669402, 997.279670
596.591109, 1001.789479
605.807244, 1005.649148
615.284471, 1008.840829
624.963794, 1011.341663
634.798188, 1013.139172
644.740861, 1014.225927
654.731477, 1014.599745
664.727177, 1014.600000
674.720913, 1014.600000
684.725430, 1014.600000
694.725780, 1014.600000
704.733448, 1014.600000
714.723567, 1014.600000
724.723441, 1014.600000
734.721900, 1014.600000
744.718320, 1014.600000
754.725642, 1014.600000
764.738048, 1014.600000
774.719652, 1014.600000
784.736765, 1014.600000
794.727638, 1014.600000
804.729842, 1014.600000
814.727150, 1014.600000
824.731892, 1014.600000
834.734822, 1014.600000
844.728926, 1014.600000
854.722487, 1014.600000
864.726146, 1014.600000
874.725385, 1014.600000
884.733804, 1014.600000
894.725143, 1014.600000
904.728833, 1014.600000
914.719963, 1014.600000
924.729752, 1014.600000
934.720104, 1014.600000
944.737335, 1014.600000
954.729657, 1014.600000
964.729864, 1014.600000
974.728592, 1014.600000
984.730552, 1014.600000
994.726274, 1014.600000
1004.734191, 1014.600000
1014.730371, 1014.600000
1024.732501, 1014.600000
1034.729859, 1014.600000
1044.738702, 1014.600000
1054.719842, 1014.600000
1064.728460, 1014.600000
1074.736862, 1014.600000
1084.730273, 1014.600000
1094.731840, 1014.600000
1104.723411, 1014.600000
1114.735556, 1014.600000
1124.732651, 1014.600000
1134.738165, 1014.600000
1144.722600, 1014.600000
1154.722134, 1014.600000
1164.729177, 1014.600000
1174.727913, 1014.600000
1184.733695, 1014.600000
1194.724061, 1014.600000
1204.722875, 1014.600000
1214.733759, 1014.600000
1224.724703, 1014.600000
1234.735805, 1014.600000
1244.731897, 1014.600000
1254.735822, 1014.600000
1264.731321, 1014.600000
1274.739643, 1014.558111
1284.716220, 1013.958957
1294.620976, 1012.648131
1304.407282, 1010.628523
1314.027958, 1007.908269
1323.435631, 1004.500533
1332.571141, 1000.429093
1341.377846, 995.725453
1349.846134, 990.398447
1357.919916, 984.484124
1365.547033, 978.025025
1372.698251, 971.050383
1379.352760, 963.579278
1385.456063, 955.671398
1390.990321, 947.348079
1395.922674, 938.651736
1400.229131, 929.614167
1403.868383, 920.317391
1406.838750, 910.757738
1409.107683, 901.033206
1410.674049, 891.151300
1411.526907, 881.185443
1411.700000, 871.186361
1411.700000, 861.184789
1411.700000, 851.184085
1411.700000, 841.183056
1411.700000, 831.193843
1411.700000, 821.190764
1411.700000, 811.200000
1411.700000, 801.183522
1411.700000, 791.191368
1411.700000, 781.191510
1411.700000, 771.183736
1411.700000, 761.182487
1411.700000, 751.190215
1411.700000, 741.199599
1411.700000, 731.195472
1411.700000, 721.192452
1411.700000, 711.183817
1411.700000, 701.196216
1411.700000, 691.181214
1411.700000, 681.198657
1411.700000, 671.197276
1411.700000, 661.198964
1411.700000, 651.188890
1411.700000, 641.189590
1411.700000, 631.187883
1411.700000, 621.190535
1411.700000, 611.188613
1411.700000, 601.194166
1411.700000, 591.188405
1411.700000, 581.192827
1411.700000, 571.185471
1411.700000, 561.187869
1411.700000, 551.186662
1411.700000, 541.188880
1411.700000, 531.199710
1411.700000, 521.199537
1411.700000, 511.180854
1411.700000, 501.181825
1411.700000, 491.184539
1411.700000, 481.193792
1411.700000, 471.193302
1411.334193, 461.199384
1410.258223, 451.261144
1408.471560, 441.415965
1405.986370, 431.737466
1402.812970, 422.258916
1398.968428, 413.027082
1394.474311, 404.088229
1389.363545, 395.498868
1383.660082, 387.290859
1377.388317, 379.496531
1370.591696, 372.167381
1363.299333, 365.332639
1355.540340, 359.021540
1347.366010, 353.277756
1338.796959, 348.119370
1329.887679, 343.584152
1320.670896, 339.693276
1311.204486, 336.475026
1301.535233, 333.946735
1291.710058, 332.120950
1281.775657, 331.005168
1271.778154, 330.601626
1350.962201, 883.392586
1349.184729, 893.227076
1346.183505, 902.755653
1342.000665, 911.836716
1336.708948, 920.324281
1330.418084, 928.077411
1323.242920, 935.032540
1315.289107, 941.086678
1306.649560, 946.115819
1297.463123, 950.016995
1287.841636, 952.730888
1277.949015, 954.208441
1267.967749, 954.500000
1257.962615, 954.500000
1247.952837, 954.500000
1237.970412, 954.500000
1227.953753, 954.500000
1217.962988, 954.500000
1207.961911, 954.500000
1197.955922, 954.500000
1187.956501, 954.500000
1177.951700, 954.500000
1167.961974, 954.500000
1157.967324, 954.500000
1147.952999, 954.500000
1137.962887, 954.500000
1127.964301, 954.500000
1117.964409, 954.500000
1107.966001, 954.500000
1097.968039, 954.500000
1087.966150, 954.500000
1077.953074, 954.500000
1067.959125, 954.500000
1057.960245, 954.500000
1047.957064, 954.500000
1037.962776, 954.500000
1027.962312, 954.500000
1017.967154, 954.500000
1007.960427, 954.500000
997.966481, 954.500000
987.967393, 954.500000
977.958795, 954.500000
967.964311, 954.500000
957.951077, 954.500000
947.956672, 954.500000
937.962296, 954.500000
927.963407, 954.500000
917.955758, 954.500000
907.963336, 954.500000
897.968583, 954.500000
887.968596, 954.500000
877.961243, 954.500000
867.958815, 954.500000
857.960781, 954.500000
847.967776, 954.500000
837.955750, 954.500000
827.955017, 954.500000
817.958327, 954.500000
807.961314, 954.500000
797.962948, 954.500000
787.966029, 954.500000
777.954655, 954.500000
767.965412, 954.500000
757.951256, 954.500000
747.964728, 954.500000
737.963456, 954.500000
727.967947, 954.500000
717.966331, 954.500000
707.953487, 954.500000
697.954503, 954.500000
687.961442, 954.500000
677.954330, 954.500000
667.948043, 954.500000
657.960435, 954.500000
647.970908, 954.201829
638.082820, 952.718033
628.462344, 950.001813
619.266738, 946.095268
610.630090, 941.060952
602.698030, 935.001865
595.539496, 928.015384
589.255158, 920.234103
583.977539, 911.752344
579.800028, 902.678246
576.800649, 893.148319
575.028926, 883.310637
574.500000, 873.333580
574.500000, 863.331053
574.500000, 853.328975
574.500000, 843.325900
574.500000, 833.323756
574.500000, 823.327855
574.500000, 813.329066
574.500000, 803.337455
574.500000, 793.329283
574.500000, 783.322460
574.500000, 773.323321
574.500000, 763.334606
574.500000, 753.327406
574.500000, 743.329401
574.500000, 733.327442
574.500000, 723.337602
574.500000, 713.336201
574.500000, 703.331920
574.500000, 693.331481
574.500000, 683.321669
574.500000, 673.325001
574.500000, 663.326637
574.500000, 653.330089
574.500000, 643.339262
574.500000, 633.322586
574.500000, 623.323006
574.500000, 613.330654
574.500000, 603.338898
574.500000, 593.328197
574.500000, 583.336045
574.500000, 573.338046
574.500000, 563.321293
574.500000, 553.332901
574.500000, 543.327946
574.500000, 533.321387
574.500000, 523.336621
574.500000, 513.329448
574.500000, 503.327166
574.500000, 493.336902
574.500000, 483.339392
574.500000, 473.329401
574.863920, 463.348153
576.439797, 453.465468
579.239300, 443.887219
583.236824, 434.712170
588.345149, 426.129960
594.481662, 418.244906
601.520662, 411.154540
609.347179, 404.945350
617.882197, 399.739209
627.005142, 395.639917
636.563953, 392.728727
646.408620, 391.049104
656.395936, 390.611253
666.395637, 390.671253
676.393961, 390.711391
686.393610, 390.731512
696.395177, 390.728474
706.392063, 390.696460
716.390812, 390.625039
726.377063, 390.057196
736.196986, 388.256312
745.843325, 385.580630
755.276722, 382.276076
764.526788, 378.473814
773.578921, 374.253972
782.245146, 369.315759
789.738490, 362.701325
796.544271, 355.375031
802.629088, 347.435366
808.006119, 339.011009
812.649755, 330.154847
816.543776, 320.952133
819.683842, 311.469622
822.070445, 301.751870
823.693956, 291.878837
824.551491, 281.929684
824.634629, 271.927734
824.200000, 261.945436
826.556314, 252.462165
834.956832, 247.567340
844.961324, 247.500000
854.956016, 247.500000
864.961849, 247.500000
874.950696, 247.500000
884.953423, 247.500000
894.960089, 247.500000
904.948240, 247.500000
914.952245, 247.500000
924.957542, 247.500000
934.953064, 247.500000
944.968037, 247.500000
954.950597, 247.500000
964.959428, 247.500000
974.963021, 247.500000
984.952938, 247.500000
994.963623, 247.500000
1004.953442, 247.500000
1014.959975, 247.500000
1024.957119, 247.500000
1034.955054, 247.500000
1044.956208, 247.500000
1054.957638, 247.500000
1064.959497, 247.500000
1074.955258, 247.500000
1084.963317, 247.500000
1094.916319, 247.929196
1102.455102, 254.076949
1103.596847, 263.854393
1103.111142, 273.835275
1103.349986, 283.824887
1104.344189, 293.773759
1106.097700, 303.619037
1108.611785, 313.298195
1111.887050, 322.745889
1115.923428, 331.893907
1120.720164, 340.671114
1126.264471, 348.987963
1132.523525, 356.770058
1139.459749, 363.963495
1147.043890, 370.473058
1155.426256, 375.919527
1164.394625, 380.339226
1173.667477, 384.040293
1183.217007, 387.006426
1192.994287, 389.163114
1202.908490, 390.413195
1212.893050, 390.700000
1222.897799, 390.700000
1232.896468, 390.700000
1242.902580, 390.700000
1252.899185, 390.700000
1262.900241, 390.700000
1272.891380, 390.719831
1282.848326, 391.562491
1292.634915, 393.649696
1302.061069, 396.948410
1311.002634, 401.411881
1319.317405, 406.960612
1326.881129, 413.489412
1333.625765, 420.862675
1339.432852, 428.992703
1344.189498, 437.778599
1347.808863, 447.106209
1350.212965, 456.789051
1351.381042, 466.718874
1351.500000, 476.720004
1351.500000, 486.712713
1351.500000, 496.730248
1351.500000, 506.719897
1351.500000, 516.716751
1351.500000, 526.712312
1351.500000, 536.717739
1351.500000, 546.723814
1351.500000, 556.720013
1351.500000, 566.717119
1351.500000, 576.720214
1351.500000, 586.718563
1351.500000, 596.712718
1351.500000, 606.729944
1351.500000, 616.716854
1351.500000, 626.730142
1351.500000, 636.723757
1351.500000, 646.725957
1351.500000, 656.712604
1351.500000, 666.715871
1351.500000, 676.713622
1351.500000, 686.720777
1351.500000, 696.715218
1351.500000, 706.729220
1351.500000, 716.720678
1351.500000, 726.718679
1351.500000, 736.713353
1351.500000, 746.726622
1351.500000, 756.723447
1351.500000, 766.715440
1351.500000, 776.721611
1351.500000, 786.717072
1351.500000, 796.725478
1351.500000, 806.717793
1351.500000, 816.721117
1351.500000, 826.722932
1351.500000, 836.729035
1351.500000, 846.717007
1351.500000, 856.718972
1351.500000, 866.717615
