770.213928, 299.716700
761.618238, 294.607830
753.233967, 289.159701
745.036203, 283.433092
737.065823, 277.422896
729.341300, 271.057704
721.983706, 264.285614
715.154428, 256.987074
709.180610, 248.978780
704.806898, 240.016985
703.081255, 230.193942
703.227924, 220.207964
704.524024, 210.295240
706.665101, 200.523889
709.522660, 190.943566
713.082406, 181.598000
717.438660, 172.598476
722.897390, 164.227922
730.371419, 157.731673
739.669431, 159.319324
744.560057, 167.914957
746.681946, 177.672282
748.131212, 187.567186
749.761406, 197.437344
752.196646, 207.129743
756.102153, 216.305933
760.428568, 225.332399
764.179961, 234.600042
767.343127, 244.089117
769.885415, 253.748714
771.767282, 263.571303
772.891467, 273.498757
773.321298, 283.494190
773.220140, 293.496169
833.409944, 295.658336
831.994022, 285.765080
829.958576, 275.990601
828.175997, 266.148538
827.018533, 256.207701
826.842554, 246.226560
828.129202, 236.312446
831.093919, 226.779726
835.118528, 217.631031
839.762755, 208.775522
844.717644, 200.088246
849.656442, 191.385788
853.781905, 182.298585
857.108309, 172.873681
860.930111, 163.622988
866.777520, 155.632572
875.562917, 157.495668
881.767722, 165.319715
886.603715, 174.071232
890.365036, 183.332772
893.038862, 192.963229
894.478548, 202.837399
894.450297, 212.843418
892.978273, 222.715278
891.277437, 232.581519
889.401041, 242.393462
887.132348, 252.133864
884.121129, 261.672220
879.818989, 270.683457
873.607998, 278.474757
865.706803, 284.579113
857.082120, 289.649254
848.114852, 294.063811
838.916451, 297.978151
822.712290, 757.755531
825.663487, 767.290014
827.575420, 777.110682
828.927348, 787.005219
829.927825, 796.953373
830.683472, 806.937809
831.257089, 816.912814
831.695097, 826.916309
832.027658, 836.903191
832.281500, 846.906633
832.478214, 856.906622
832.639585, 866.902493
832.790372, 876.902470
832.964083, 886.903116
833.218283, 896.895180
833.693607, 906.870488
834.751220, 916.815643
835.988857, 926.753003
837.237287, 936.663478
838.443770, 946.585140
839.555672, 956.540045
840.508267, 966.491127
841.228913, 976.461609
841.612565, 986.446697
841.444747, 996.446883
840.483854, 1006.388541
838.907865, 1016.275514
837.415668, 1026.151071
838.751059, 1035.926686
845.086651, 1043.579987
853.595196, 1048.746636
863.012380, 1047.614074
866.048489, 1038.339958
866.764915, 1028.358374
867.079356, 1018.359895
867.195674, 1008.375384
867.187469, 998.368534
867.090681, 988.367878
866.926410, 978.374755
866.707362, 968.361413
866.443728, 958.382692
866.139871, 948.371186
865.801873, 938.390995
865.430262, 928.383460
865.027700, 918.405620
864.588700, 908.414283
864.273181, 898.418332
864.688177, 888.423982
865.436941, 878.449422
866.274963, 868.484129
866.992455, 858.509179
867.118441, 848.530415
866.225036, 838.567663
864.954634, 828.648187
863.593255, 818.740275
862.336623, 808.815789
861.528076, 798.858483
861.489764, 788.850238
862.591392, 778.923143
866.110994, 769.612591
873.143248, 762.659005
882.762653, 760.514091
892.679826, 761.680821
902.437084, 763.878483
912.116961, 766.426119
921.779392, 768.955316
931.539152, 771.125186
941.461042, 772.332047
951.405033, 771.456552
961.101529, 769.022758
970.556965, 765.782769
979.868455, 762.148903
989.220065, 758.601077
997.031449, 761.113722
998.541008, 771.000701
1002.532937, 780.111798
1008.296746, 788.281927
1013.910340, 796.553786
1019.121943, 805.097845
1023.637699, 814.007564
1027.127995, 823.369471
1030.307671, 832.847054
1033.560768, 842.300767
1036.935710, 851.728973
1040.491202, 861.059526
1044.449907, 870.253526
1049.089444, 879.074576
1049.191206, 889.045292
1049.009002, 899.029265
1048.748898, 909.039413
1048.401525, 919.023446
1047.943273, 929.014191
1047.332742, 938.990481
1046.480275, 948.958561
1045.129920, 958.865491
1042.891634, 968.613025
1040.642777, 978.345826
1038.512545, 988.119103
1036.568076, 997.934904
1034.905768, 1007.787117
1033.699610, 1017.729139
1033.442018, 1027.710323
1035.907183, 1037.345057
1040.989290, 1045.856663
1050.153810, 1049.361566
1060.130082, 1049.179644
1067.431279, 1043.788684
1067.174933, 1033.794986
1066.520853, 1023.820485
1066.321169, 1013.826263
1066.899161, 1003.840241
1068.053436, 993.910775
1070.189706, 984.152582
1072.580757, 974.433221
1075.036401, 964.741663
1077.499034, 955.055941
1079.938250, 945.352139
1082.320317, 935.644928
1084.619966, 925.905578
1086.790512, 916.153001
1088.775716, 906.344640
1090.452318, 896.483253
1091.522083, 886.558350
1090.894351, 876.602489
1088.658896, 866.851434
1085.847634, 857.269942
1082.736419, 847.748399
1079.472251, 838.311430
1076.116388, 828.887432
1072.736699, 819.471534
1069.403570, 810.039929
1066.236773, 800.559730
1063.585461, 790.925654
1063.074570, 780.964829
1065.314276, 771.241149
1066.717407, 761.399263
1067.361858, 751.421756
1068.120871, 741.451032
1068.827113, 731.476772
1069.377132, 721.498755
1069.575789, 711.493004
1067.885772, 701.793667
1061.822916, 693.850139
1054.979746, 686.562112
1047.813686, 679.577150
1040.463259, 672.813304
1032.946459, 666.196334
1025.323939, 659.734128
1017.589715, 653.396802
1009.759590, 647.185270
1001.819980, 641.085060
993.798820, 635.119657
985.683385, 629.286331
977.464242, 623.590931
969.140082, 618.051086
960.700404, 612.685413
952.129630, 607.519348
943.433123, 602.603813
934.760004, 597.621978
926.376907, 592.157725
918.323124, 586.264022
910.562802, 579.938006
903.145428, 573.237786
896.066633, 566.175133
889.342262, 558.774498
882.990040, 551.059009
877.023126, 543.041337
871.459276, 534.732599
866.321481, 526.143152
861.648709, 517.303743
857.472693, 508.226464
853.824732, 498.903880
850.767656, 489.393055
848.347972, 479.692113
846.633511, 469.844854
845.694938, 459.879103
845.571217, 449.896964
845.800581, 439.885561
846.268040, 429.901868
847.030192, 419.931981
848.151565, 409.997455
849.681685, 400.126681
851.588290, 390.296220
853.602230, 380.506478
855.259268, 370.642160
856.226034, 360.693409
855.433456, 350.756496
851.286789, 341.730971
843.864392, 335.132408
834.696296, 331.202230
824.919563, 329.177552
814.949222, 328.383317
804.951959, 328.490866
795.061715, 329.870392
785.565685, 332.951015
777.180026, 338.325318
771.432620, 346.403720
769.807627, 356.201752
770.956078, 366.120634
772.376075, 376.020462
773.853074, 385.911652
775.339680, 395.809984
776.805657, 405.697110
778.231303, 415.587556
779.596659, 425.503279
780.867769, 435.412465
782.004256, 445.351799
782.922529, 455.310803
783.428399, 465.288191
783.189872, 475.291846
782.528992, 485.263887
781.665726, 495.222065
780.686089, 505.173299
779.637186, 515.120620
778.550966, 525.067710
777.455078, 535.009833
776.378330, 544.943092
775.354767, 554.904880
774.455607, 564.854314
773.853176, 574.842879
773.413581, 584.826808
772.845199, 594.807752
772.301445, 604.799648
771.918345, 614.787980
771.798449, 624.787679
772.009778, 634.792250
772.586714, 644.776614
773.484812, 654.737645
774.649892, 664.667209
776.309818, 674.508275
778.816312, 684.188211
782.417179, 693.519936
786.966194, 702.419355
792.167764, 710.954089
797.993253, 719.095291
804.083023, 727.012352
810.051761, 735.048743
815.511424, 743.415461
820.239649, 752.217783
911.253451, 734.144713
912.487543, 743.882086
910.936547, 753.754419
908.661446, 763.496689
906.056331, 773.153508
903.281374, 782.747335
900.410093, 792.340688
897.511459, 801.911249
894.629614, 811.480565
891.807608, 821.065751
889.089825, 830.699494
886.550468, 840.363119
884.276147, 850.114214
882.443443, 859.939135
881.406018, 869.880354
881.806987, 879.854418
882.704244, 889.828527
883.807500, 899.763391
885.085020, 909.672018
886.518898, 919.582806
888.087244, 929.445748
889.789827, 939.313623
891.614068, 949.130381
893.573613, 958.948095
895.672614, 968.713211
897.879017, 978.471294
899.779531, 988.289334
901.471758, 998.143891
903.097584, 1008.005078
904.794124, 1017.862772
906.767066, 1027.672653
909.593725, 1037.253350
916.517894, 1044.065551
925.818102, 1045.911590
933.166796, 1039.144199
939.623400, 1031.545619
939.667716, 1022.052101
935.524527, 1012.944015
931.103429, 1003.993051
926.821012, 994.952483
923.226239, 985.628402
920.844548, 975.910055
918.821298, 966.115769
916.970634, 956.296379
915.236474, 946.437253
913.606917, 936.580226
912.074648, 926.702233
910.648776, 916.797767
909.360205, 906.884818
908.278560, 896.946382
907.671350, 886.960946
911.719327, 878.008436
917.168186, 869.618580
922.612404, 861.224476
928.015542, 852.824827
933.387737, 844.385566
938.710607, 835.920240
943.979826, 827.418554
949.182152, 818.879976
954.306694, 810.292635
959.331548, 801.650580
964.231515, 792.931754
968.959816, 784.109607
973.413707, 775.169296
977.400815, 766.000062
980.424369, 756.462975
983.013922, 746.812446
985.280337, 737.073354
988.953718, 727.844292
997.202728, 722.674932
1006.830670, 719.934921
1016.600750, 717.819022
1026.451523, 716.074622
1036.341950, 714.647000
1046.290733, 713.591460
1056.258535, 713.551758
1063.384412, 720.466144
1069.548537, 728.320014
1075.498179, 736.367048
1081.329478, 744.495586
1087.086153, 752.667304
1092.800171, 760.872992
1098.487280, 769.098295
1104.160422, 777.330901
1109.841408, 785.569006
1115.541793, 793.780052
1121.317661, 801.934606
1127.255898, 809.989141
1132.983445, 818.178518
1138.575667, 826.471455
1144.077673, 834.833435
1149.489193, 843.229540
1154.834814, 851.691547
1160.092146, 860.198297
1165.244627, 868.762284
1170.252353, 877.407066
1175.014532, 886.201665
1178.884702, 895.404513
1179.400672, 905.362731
1178.525500, 915.310353
1179.917315, 925.210926
1181.450284, 935.089212
1182.907722, 944.979130
1184.275343, 954.884220
1185.517909, 964.810551
1186.549228, 974.754970
1187.215170, 984.732459
1187.710593, 994.715989
1188.238127, 1004.697099
1188.954952, 1014.674375
1190.130884, 1024.608345
1192.894425, 1034.160914
1200.530003, 1040.309924
1210.206704, 1039.034070
1218.324627, 1033.264910
1220.872749, 1023.727392
1220.924085, 1013.746360
1220.239841, 1003.754226
1219.181784, 993.818081
1217.890964, 983.899626
1216.444391, 974.009905
1214.885075, 964.126671
1213.247189, 954.266740
1211.549438, 944.401498
1209.816596, 934.564316
1208.058736, 924.716949
1206.295390, 914.878035
1204.540576, 905.028579
1202.817019, 895.179263
1201.150912, 885.320216
1199.584828, 875.450771
1198.190736, 865.533492
1197.053280, 855.603048
1196.185374, 845.641153
1195.793168, 835.650745
1196.368209, 825.675105
1195.971233, 815.735689
1193.427535, 806.068923
1188.395151, 797.495489
1180.760887, 791.062630
1173.164215, 784.582987
1167.088025, 776.674920
1162.527636, 767.785650
1159.501732, 758.276971
1158.047892, 748.378245
1157.456155, 738.398659
1157.365690, 728.400960
1157.576257, 718.409037
1157.959567, 708.421075
1158.422537, 698.431241
1158.888215, 688.441704
1159.285836, 678.440366
1159.540635, 668.454869
1159.568311, 658.443065
1159.260278, 648.450412
1158.468310, 638.492010
1156.967307, 628.599895
1154.415690, 618.944604
1151.157670, 609.491066
1147.561495, 600.147626
1143.406505, 591.064060
1137.748387, 582.885588
1141.863938, 576.078912
1148.112902, 568.274608
1153.848905, 560.082986
1159.033872, 551.549666
1163.629476, 542.658036
1167.542046, 533.455525
1170.682054, 523.970755
1172.953341, 514.237749
1174.254386, 504.328854
1174.499108, 494.324475
1173.632971, 484.373885
1171.647285, 474.581155
1168.582861, 465.069142
1164.525423, 455.938290
1159.576996, 447.236512
1153.879154, 439.029700
1147.538603, 431.303060
1140.664629, 424.047923
1133.296193, 426.770997
1129.675894, 436.080422
1127.190213, 445.752811
1125.304645, 455.585094
1123.887686, 465.484582
1122.919129, 475.420350
1122.467574, 485.422282
1122.703795, 495.417480
1123.291977, 505.394862
1123.985252, 515.378698
1124.704589, 525.345409
1125.401327, 535.325235
1126.024830, 545.304126
1126.507595, 555.299863
1126.717632, 565.294150
1126.250103, 575.269369
1120.417049, 581.470889
1110.449643, 582.219794
1100.468033, 582.781876
1090.478084, 583.259801
1080.494350, 583.678453
1070.500531, 584.046542
1060.505339, 584.362814
1050.501910, 584.617188
1040.510499, 584.779096
1030.518488, 584.668729
1020.524040, 583.976376
1010.598367, 582.896779
1000.684742, 581.584197
990.784145, 580.174939
980.860423, 578.840634
970.898737, 578.006936
960.917993, 578.241433
950.910789, 578.059475
940.969275, 576.985759
931.218856, 574.870701
921.757601, 571.633079
912.751711, 567.270894
904.355459, 561.862334
896.632392, 555.507697
889.644709, 548.367381
883.445462, 540.539491
878.199818, 532.020546
873.764587, 523.055577
869.987881, 513.809545
866.743382, 504.349123
863.952810, 494.750719
861.549454, 485.039244
859.492712, 475.266255
857.740820, 465.410695
856.277589, 455.523505
855.084997, 445.585828
854.163378, 435.638801
853.519284, 425.652582
853.187366, 415.654904
853.251194, 405.671057
853.985962, 395.700960
855.308902, 385.785539
855.664894, 375.785639
855.009063, 365.820205
853.220339, 355.995261
849.885559, 365.002101
846.711096, 374.480081
843.698356, 384.006683
840.859523, 393.600944
838.231687, 403.259178
835.875861, 412.969809
833.880297, 422.773122
832.428321, 432.664296
831.804540, 442.634740
831.514936, 452.626987
831.310733, 462.632193
831.163988, 472.632371
831.064354, 482.639978
831.007576, 492.634397
830.991724, 502.629211
831.016634, 512.635455
831.083071, 522.623570
831.192985, 532.622647
831.349108, 542.626716
831.554824, 552.620616
831.815449, 562.628336
832.136414, 572.620846
832.525574, 582.600341
832.994601, 592.593725
833.556755, 602.577401
834.232947, 612.568059
835.049067, 622.525138
836.051473, 632.473436
837.314863, 642.396487
838.982212, 652.245613
841.432650, 661.950624
844.925663, 671.310573
848.670188, 680.580597
852.750316, 689.710877
857.350627, 698.587055
862.798850, 706.969449
869.567678, 714.293874
877.923705, 719.764003
887.274614, 723.217024
896.990441, 725.644748
906.210754, 729.379668
757.349872, 335.563500
757.622522, 325.582312
759.251594, 315.721535
762.875144, 306.429769
768.641275, 298.290509
776.527239, 292.323543
786.071376, 289.412347
795.946471, 287.763617
805.920742, 287.093173
815.904302, 287.431150
825.764345, 288.990993
835.229303, 292.204250
843.525847, 297.687006
850.064402, 305.234962
854.871832, 313.989677
857.381023, 323.640089
857.733321, 333.608115
856.821616, 343.576631
855.397522, 353.464645
852.160596, 362.922847
848.060585, 372.042520
843.403319, 380.879962
838.223635, 389.437800
832.449278, 397.597774
825.804217, 405.049297
817.427257, 410.290480
807.959456, 407.760564
799.718574, 402.126614
792.151049, 395.571005
785.094847, 388.510731
778.460756, 381.025071
772.305493, 373.139041
766.821121, 364.773698
762.741143, 355.675858
759.726148, 346.140334
757.373474, 336.462422
826.339761, 359.214197
828.716380, 349.571079
832.588792, 340.346295
836.733111, 331.233928
840.715921, 322.070547
843.552670, 312.514221
843.685802, 302.542389
839.159020, 294.339376
830.093339, 290.197151
820.353251, 287.964169
810.401949, 287.115390
800.410828, 287.346981
790.470713, 288.545530
780.744902, 290.806600
771.782457, 295.079023
765.930628, 302.752808
768.903085, 312.292059
773.943049, 320.885892
781.070721, 327.903956
788.142455, 334.945643
793.738824, 343.201583
796.737964, 352.710055
797.873802, 362.631025
798.440064, 372.617440
798.718504, 382.622297
798.802170, 392.609405
801.164627, 400.111263
811.156655, 399.744058
821.154348, 399.376644
829.614387, 397.528875
829.756982, 387.516051
829.325254, 377.547969
827.579687, 367.688620
776.728320, 335.571942
771.016714, 343.759290
770.034165, 353.226242
777.348764, 358.618830
785.092667, 353.190520
782.574707, 343.738931
776.768074, 335.613489
835.409552, 343.698514
834.369834, 353.164015
841.655186, 358.622329
849.434918, 353.251341
846.969729, 343.800464
841.163826, 335.654628
820.712958, 391.406356
829.287811, 396.086416
827.340812, 405.491778
819.946541, 411.972968
810.213604, 411.269574
801.925848, 405.776092
799.716774, 397.062240
808.078228, 391.847081
743.000000, 292.000000
