928.000587, 941.994141
930.615975, 932.392250
936.110099, 924.077716
943.811280, 917.760555
953.039775, 914.009447
962.969570, 913.336855
972.620512, 915.793564
981.015895, 921.148122
987.249066, 928.916056
991.493512, 937.137514
1001.480524, 936.566827
1011.471461, 935.995917
1021.450273, 935.425699
1031.429822, 934.855439
1041.405757, 934.285385
1051.148626, 935.336616
1054.142734, 944.251010
1046.872775, 949.989475
1036.888531, 950.528415
1026.899268, 951.083374
1016.914511, 951.638083
1006.926188, 952.192990
996.945740, 952.747459
988.346683, 954.988315
984.081290, 963.987858
977.128550, 971.107671
968.274350, 975.642315
958.431638, 977.199985
948.601153, 975.648138
939.665453, 971.236129
932.436656, 964.369560
927.154342, 956.456377
917.176596, 957.121560
907.214952, 957.785670
897.218817, 958.452079
887.240728, 959.117285
877.281623, 959.781225
867.296239, 960.446917
857.318294, 961.112114
847.343851, 961.777077
837.364513, 962.442366
827.375605, 963.108293
817.398438, 963.773438
807.436499, 964.437567
797.450139, 965.103324
787.470487, 965.768634
778.086506, 963.683815
776.743516, 954.321157
785.035999, 949.942444
795.030598, 949.387189
805.015891, 948.832450
815.002172, 948.277657
824.975644, 947.723575
834.971661, 947.168241
844.951549, 946.613803
854.945346, 946.058592
864.918068, 945.504552
874.916576, 944.949079
884.892807, 944.394844
894.873126, 943.840382
904.863909, 943.285338
914.839220, 942.731154
924.824531, 942.176415
835.799049, 615.563734
841.491047, 607.377149
849.502033, 601.478371
858.975533, 598.394208
868.922541, 598.378243
878.408344, 601.432628
886.438673, 607.305397
892.156643, 615.470329
897.474657, 622.000000
907.481281, 622.000000
917.470753, 622.000000
927.484410, 622.000000
937.469251, 622.000000
947.479883, 622.000000
957.468352, 622.000000
967.479931, 622.000000
977.486779, 622.000000
987.486499, 622.000000
997.470554, 622.000000
1007.483106, 622.000000
1017.469552, 622.000000
1027.475990, 622.000000
1037.472839, 622.000000
1046.522900, 625.049463
1046.809766, 634.521069
1037.997162, 638.000000
1027.992087, 638.000000
1018.005086, 638.000000
1008.002431, 638.000000
997.996355, 638.000000
988.000366, 638.000000
977.988575, 638.000000
967.999790, 638.000000
957.997527, 638.000000
947.995776, 638.000000
937.998489, 638.000000
927.997836, 638.000000
917.995496, 638.000000
907.999585, 638.000000
897.999121, 638.000000
892.375193, 644.060660
886.801618, 652.318874
878.872627, 658.326436
869.451557, 661.535219
859.486062, 661.682375
849.969798, 658.756406
841.858994, 652.993332
836.032689, 644.919795
830.950333, 638.000000
820.949194, 638.000000
810.943605, 638.000000
800.949792, 638.000000
790.945009, 637.946399
784.137930, 631.670523
787.744115, 623.034310
797.588762, 622.000000
807.579056, 622.000000
817.575859, 622.000000
827.573232, 622.000000
946.710585, 562.179179
951.593487, 553.513538
959.026122, 546.893520
968.180913, 542.965837
978.103331, 542.072259
987.798334, 544.366102
996.264473, 549.593977
1002.718636, 557.174502
1010.235764, 560.682308
1020.198714, 559.733456
1030.159007, 558.784856
1040.109052, 558.144613
1046.350470, 564.985046
1042.056803, 573.266384
1032.193116, 574.653356
1022.243141, 575.700722
1012.291101, 576.748305
1006.962013, 582.766248
1002.862833, 591.840227
996.144700, 599.191116
987.435635, 604.038203
977.661071, 605.961626
967.765757, 604.926655
958.655087, 600.867514
951.317075, 594.138767
946.563077, 585.404400
939.168336, 582.612539
929.204754, 583.561452
919.257655, 584.508795
909.301664, 585.456984
899.345926, 586.405150
889.395651, 587.352795
879.443111, 588.300656
869.480067, 589.249517
859.523772, 590.197736
849.578221, 591.144931
839.620067, 592.093327
829.663108, 593.041609
819.708948, 593.989624
809.743682, 594.938697
799.800741, 595.885644
789.851404, 596.833200
779.879310, 597.782923
770.956288, 594.777815
770.917077, 585.280677
779.816619, 581.788893
789.766649, 580.841272
799.735823, 579.891826
809.681683, 578.944602
819.641283, 577.996068
829.591386, 577.048439
839.545561, 576.100423
849.502026, 575.152188
859.462266, 574.203594
869.403461, 573.256813
879.367763, 572.307832
889.322607, 571.359752
899.276371, 570.411774
909.224110, 569.464370
919.188317, 568.515398
929.147164, 567.566937
939.091475, 566.619860
850.660792, 201.103503
855.926369, 192.652076
863.657947, 186.393418
872.937065, 182.777766
882.886168, 182.138641
892.516204, 184.665632
900.937482, 189.992865
907.423351, 197.550312
911.305561, 206.729466
917.832504, 211.310344
927.791559, 212.181761
937.767966, 213.054697
947.718937, 213.925407
957.691400, 214.797997
967.654000, 215.669725
977.617035, 216.541491
987.568178, 217.412216
997.533431, 218.284175
1007.493319, 219.155665
1017.447550, 220.026661
1027.420566, 220.899299
1037.385149, 221.771201
1046.252392, 225.357986
1045.926173, 234.413759
1037.111411, 237.750369
1027.159265, 236.890307
1017.202818, 236.029873
1007.233651, 235.168340
997.272335, 234.307486
987.310078, 233.446550
977.335398, 232.584541
967.385889, 231.724706
957.417644, 230.863253
947.451411, 230.001974
937.489492, 229.141067
927.526286, 228.280049
917.575688, 227.420121
909.176256, 229.332845
903.103499, 237.217408
894.850124, 242.799679
885.303273, 245.625868
875.342740, 245.677671
865.800822, 242.806235
857.574979, 237.172800
851.431939, 229.343835
847.612620, 220.365566
837.645843, 219.479630
827.692402, 218.594880
817.726337, 217.709008
807.763628, 216.823434
797.809991, 215.938666
787.848999, 215.053244
777.888817, 214.167895
769.323575, 210.029595
770.125139, 200.853230
779.281405, 198.285340
789.243208, 199.151583
799.211724, 200.018411
809.166598, 200.884052
819.132782, 201.750677
829.098297, 202.617243
839.054914, 203.483036
849.028915, 204.350340
826.826074, 507.810352
826.096033, 498.393329
834.909576, 494.021648
844.353913, 490.716130
853.793843, 487.412155
863.237043, 484.107035
872.673590, 480.804244
882.112654, 477.500571
891.545444, 474.199095
900.985840, 470.894956
910.429297, 467.589746
919.872390, 464.284664
929.297395, 460.985912
938.742548, 457.680108
948.178771, 454.377430
957.611338, 451.076032
967.049010, 447.772847
976.498360, 444.465574
985.932648, 441.163573
995.580200, 439.270850
1000.588135, 447.272192
994.604636, 454.208377
985.160997, 457.513651
975.720852, 460.817702
966.294710, 464.116852
956.850580, 467.422297
947.411450, 470.725992
937.972911, 474.029481
928.533116, 477.333409
919.095115, 480.636710
909.666820, 483.936613
900.220450, 487.242842
890.781313, 490.546541
881.344437, 493.849447
871.907232, 497.152469
862.466460, 500.456739
853.030425, 503.759351
843.591023, 507.063142
835.758826, 293.580089
831.455701, 285.286317
837.070082, 277.766211
846.678552, 279.464653
855.897995, 283.346524
865.109386, 287.225005
874.326256, 291.105792
883.534147, 294.982799
892.760162, 298.867437
901.967169, 302.744071
911.197584, 306.630562
920.410648, 310.509746
929.621650, 314.388063
938.843804, 318.271075
948.056337, 322.150037
957.272771, 326.030640
966.498323, 329.915083
975.697966, 333.788617
984.931450, 337.676400
994.148202, 341.557137
1000.524185, 348.444832
996.977057, 357.277979
987.416017, 357.417270
978.202220, 353.537777
968.977402, 349.653643
959.762500, 345.773684
950.542118, 341.891418
941.331485, 338.013257
932.119770, 334.134640
922.904190, 330.254396
913.676692, 326.369133
904.465321, 322.490661
895.241086, 318.606773
886.031944, 314.729240
876.810737, 310.846626
867.605237, 306.970626
858.376186, 303.084710
849.158261, 299.203478
839.939846, 295.322040
793.252272, 250.153156
793.908105, 240.858454
803.089640, 238.319209
812.861705, 240.413223
822.648189, 242.510326
832.423046, 244.604938
842.197163, 246.699392
851.974652, 248.794568
861.756754, 250.890733
871.534437, 252.985951
881.303372, 255.079294
891.076305, 257.173494
900.868653, 259.271854
910.647179, 261.367253
920.425340, 263.462573
930.197807, 265.556673
939.976385, 267.652082
949.763818, 269.749390
959.528597, 271.841842
969.310295, 273.937920
979.085067, 276.032514
988.861786, 278.127525
998.636058, 280.222012
1008.418171, 282.318179
1018.210921, 284.416626
1027.821453, 286.979413
1031.999775, 295.501787
1025.029395, 301.804974
1015.200820, 300.457319
1005.425783, 298.362668
995.644497, 296.266678
985.865126, 294.171098
976.088969, 292.076208
966.308873, 289.980473
956.536315, 287.886353
946.759028, 285.791220
936.976282, 283.694918
927.200846, 281.600181
917.409597, 279.502057
907.631696, 277.406792
897.852175, 275.311180
888.077685, 273.216647
878.300725, 271.121584
868.526141, 269.027030
858.740984, 266.930211
848.966746, 264.835731
839.192073, 262.741158
829.413868, 260.645829
819.637397, 258.550871
809.854906, 256.454623
800.074244, 254.358767
761.045940, 170.276580
761.652725, 160.816502
770.804077, 158.000000
780.816833, 158.000000
790.809456, 158.000000
800.809368, 158.000000
810.805528, 158.000000
820.802687, 158.000000
830.802500, 158.000000
840.814110, 158.000000
850.806562, 158.000000
860.809588, 158.000000
870.805649, 158.000000
880.817937, 158.000000
890.816622, 158.000000
900.803999, 158.000000
910.813488, 158.000000
920.801761, 158.000000
930.804667, 158.000000
940.803697, 158.000000
950.802884, 158.000000
960.799980, 158.000000
970.808075, 158.000000
980.801534, 158.000000
990.805804, 158.000000
1000.811468, 158.000000
1010.802085, 158.000000
1020.811629, 158.000000
1030.804435, 158.000000
1040.807798, 158.000000
1050.817354, 158.000000
1060.581073, 159.227661
1063.788316, 168.051619
1056.664288, 173.979071
1046.662849, 174.000000
1036.656308, 174.000000
1026.666378, 174.000000
1016.671533, 174.000000
1006.675202, 174.000000
996.675418, 174.000000
986.673250, 174.000000
976.659612, 174.000000
966.675165, 174.000000
956.659937, 174.000000
946.657544, 174.000000
936.663367, 174.000000
926.663891, 174.000000
916.666266, 174.000000
906.674908, 174.000000
896.666998, 174.000000
886.673355, 174.000000
876.662401, 174.000000
866.659991, 174.000000
856.661254, 174.000000
846.673474, 174.000000
836.662981, 174.000000
826.671676, 174.000000
816.671989, 174.000000
806.672755, 174.000000
796.667450, 174.000000
786.660747, 174.000000
776.658459, 174.000000
1001.976485, 830.515164
992.752424, 834.398979
983.542795, 838.276718
974.319385, 842.160259
965.101428, 846.041504
955.887482, 849.921060
946.668328, 853.802809
937.456039, 857.681668
928.229757, 861.566418
919.017591, 865.445225
909.804089, 869.324594
900.589425, 873.204452
891.372348, 877.085327
882.154142, 880.966677
872.937495, 884.847370
863.719555, 888.728608
854.498268, 892.611255
844.936801, 893.971545
839.408240, 886.238482
844.522412, 878.187512
853.712848, 874.247222
862.927284, 870.367459
872.139120, 866.488791
881.352830, 862.609335
890.572472, 858.727380
899.782923, 854.849296
909.000070, 850.968392
918.212066, 847.089656
927.444306, 843.202397
936.643722, 839.328959
945.869139, 835.444573
955.089430, 831.562345
964.308751, 827.680526
973.517939, 823.802973
982.738719, 819.920539
991.957454, 816.038967
1001.463210, 813.521078
1008.322994, 820.119400
1004.717782, 828.998155
814.376013, 916.227553
824.145005, 914.056665
833.893592, 911.890313
843.654657, 909.721187
853.435239, 907.547725
863.186753, 905.380722
872.951193, 903.210846
882.705475, 901.043228
892.467190, 898.873958
902.241319, 896.701929
911.987581, 894.536093
921.751389, 892.366358
931.520355, 890.195477
941.278156, 888.027076
951.037442, 885.858346
960.810191, 883.686624
970.559593, 881.520090
980.336568, 879.347429
990.091807, 877.179598
999.844800, 875.012267
1009.614960, 872.841120
1019.387789, 870.669380
1028.857306, 871.174078
1032.256205, 880.184113
1024.860223, 886.164395
1015.090590, 888.335424
1005.327808, 890.504932
995.566125, 892.674194
985.809273, 894.842384
976.045237, 897.012170
966.291351, 899.179700
956.532300, 901.348378
946.759528, 903.520105
937.004378, 905.687916
927.238975, 907.858005
917.481348, 910.026367
907.714732, 912.196726
897.961797, 914.364045
888.191982, 916.535115
878.426181, 918.705293
868.658641, 920.875858
858.900926, 923.044239
849.139181, 925.213515
839.378794, 927.382490
829.618022, 929.551551
819.854717, 931.721174
810.092641, 933.890524
801.500000, 930.850000
801.495514, 921.451172
764.233470, 1005.216259
760.063716, 996.851933
766.419737, 990.122940
776.405179, 990.000000
786.412541, 990.000000
796.402736, 990.000000
806.411662, 990.000000
816.407682, 990.000000
826.411193, 990.000000
836.411723, 990.000000
846.411903, 990.000000
856.415795, 990.000000
866.408366, 990.000000
876.418789, 990.000000
886.413380, 990.000000
896.417797, 990.000000
906.411404, 990.000000
916.402710, 990.000000
926.414541, 990.000000
936.416140, 990.000000
946.413572, 990.000000
956.407808, 990.000000
966.404468, 990.000000
976.421050, 990.000000
986.420963, 990.000000
996.413579, 990.000000
1006.409104, 990.000000
1016.408063, 990.000000
1026.414956, 990.000000
1036.416894, 990.000000
1046.417725, 990.000000
1056.417715, 990.008200
1063.730665, 995.699567
1060.797211, 1004.630524
1051.061815, 1006.000000
1041.059653, 1006.000000
1031.070990, 1006.000000
1021.063261, 1006.000000
1011.059312, 1006.000000
1001.066566, 1006.000000
991.053000, 1006.000000
981.059750, 1006.000000
971.051053, 1006.000000
961.062111, 1006.000000
951.057798, 1006.000000
941.062580, 1006.000000
931.066302, 1006.000000
921.064981, 1006.000000
911.063971, 1006.000000
901.066978, 1006.000000
891.051655, 1006.000000
881.063173, 1006.000000
871.059550, 1006.000000
861.057934, 1006.000000
851.059986, 1006.000000
841.070156, 1006.000000
831.069290, 1006.000000
821.054303, 1006.000000
811.058136, 1006.000000
801.054818, 1006.000000
791.051128, 1006.000000
781.052162, 1006.000000
771.063551, 1006.000000
787.115984, 556.802070
783.749246, 547.793237
791.172292, 541.840215
800.971414, 539.812811
810.759763, 537.787635
820.551498, 535.761759
830.348222, 533.734851
840.134221, 531.710161
849.938595, 529.681670
859.732659, 527.655312
869.511327, 525.632139
879.309437, 523.604944
889.104262, 521.578428
898.906838, 519.550309
908.693812, 517.525418
918.487395, 515.499160
928.266671, 513.475861
938.068479, 511.447901
947.856639, 509.422764
957.659427, 507.394601
967.455988, 505.367727
977.237991, 503.343864
987.038006, 501.316275
996.824844, 499.291412
1006.613344, 497.266205
1016.402550, 495.240852
1026.229376, 493.754785
1032.219957, 501.173145
1027.695844, 509.145099
1018.012845, 511.569756
1008.233473, 513.593074
998.432872, 515.620785
988.646571, 517.645537
978.843265, 519.673807
969.050424, 521.699912
959.273400, 523.722745
949.473896, 525.750228
939.685620, 527.775389
929.886810, 529.802729
920.101120, 531.827354
910.300924, 533.854981
900.517451, 535.879148
890.707601, 537.908772
880.916705, 539.934475
871.134855, 541.958306
861.347185, 543.983341
851.544939, 546.011392
841.758570, 548.036158
831.958863, 550.063683
822.164005, 552.090206
812.376762, 554.115153
802.587964, 556.140421
813.573373, 677.951527
807.584692, 671.041213
812.060547, 662.483923
821.825477, 662.487555
831.753554, 663.633102
841.688888, 664.779487
851.626863, 665.926176
861.552543, 667.071447
871.486434, 668.217665
881.420411, 669.363894
891.353868, 670.510062
901.302462, 671.657976
911.217935, 672.802069
921.162013, 673.949463
931.090689, 675.095079
941.035927, 676.242607
950.966290, 677.388418
960.892116, 678.533706
970.831462, 679.680553
980.771140, 680.827439
990.697555, 681.972795
1000.639545, 683.119948
1010.578417, 684.266740
1020.510051, 685.412698
1030.053771, 687.678657
1031.867141, 696.957493
1024.494288, 702.404193
1014.594451, 701.099360
1004.666037, 699.953773
994.725470, 698.806785
984.793013, 697.660732
974.859890, 696.514603
964.926314, 695.368421
954.994066, 694.222392
945.059345, 693.076078
935.130999, 691.930500
925.194036, 690.783927
915.258335, 689.637500
905.329241, 688.491835
895.376577, 687.343451
885.454541, 686.198601
875.524084, 685.052779
865.582253, 683.905645
855.649477, 682.759555
845.708550, 681.612525
835.779104, 680.466820
825.842041, 679.320235
815.910896, 678.174334
871.467712, 711.962847
876.475687, 704.052377
885.990533, 705.168047
895.403564, 708.529844
904.823466, 711.894095
914.239609, 715.257003
923.663178, 718.622564
933.072171, 721.982918
942.495805, 725.348502
951.915235, 728.712584
961.336448, 732.077303
970.749437, 735.439085
980.159755, 738.799913
989.580839, 742.164585
998.015039, 747.054159
996.182059, 755.989230
986.995384, 757.355494
977.574083, 753.990744
968.159610, 750.628432
958.749242, 747.267586
949.332683, 743.904530
939.909367, 740.539060
930.483205, 737.172573
921.065366, 733.809059
911.661855, 730.450663
902.232038, 727.082871
892.817102, 723.720394
883.408613, 720.360219
953.605273, 375.593994
960.116783, 368.017331
966.465665, 360.290617
972.626228, 352.423553
978.597366, 344.395005
984.359214, 336.207647
989.885451, 327.876441
995.168313, 319.391516
1000.199966, 310.742557
1004.952361, 301.957496
1009.427801, 293.013505
1013.609308, 283.926539
1017.483447, 274.713759
1021.050216, 265.366521
1024.300626, 255.903868
1027.229230, 246.346637
1029.841319, 236.689096
1032.132608, 226.969421
1034.114962, 217.169922
1035.793795, 207.302420
1037.172320, 197.410856
1038.266100, 187.464882
1039.082896, 177.495975
1039.634247, 167.522181
1039.933950, 157.513780
1040.149384, 147.518686
1044.221197, 138.582126
1053.020995, 134.217591
1062.845130, 135.266959
1070.113082, 141.822860
1071.997414, 151.530088
1071.851142, 161.522564
1071.473024, 171.520043
1070.853902, 181.501775
1069.984482, 191.465719
1068.855392, 201.410147
1067.462376, 211.300166
1065.792482, 221.169245
1063.846560, 230.967943
1061.615063, 240.714090
1059.095370, 250.393317
1056.286620, 259.992483
1053.189731, 269.499595
1049.807411, 278.903733
1046.138026, 288.209841
1042.193104, 297.393592
1037.966675, 306.475770
1033.488284, 315.404775
1028.747133, 324.216719
1023.762202, 332.890209
1018.555892, 341.404911
1013.108084, 349.810144
1007.460667, 358.057999
1001.612114, 366.169857
995.579960, 374.139471
989.372437, 381.974008
982.997648, 389.680288
976.475169, 397.251596
978.940819, 404.769237
985.455497, 412.361783
991.844416, 420.040152
998.108134, 427.831104
1004.233947, 435.749422
1010.189561, 443.786908
1015.952676, 451.949440
1021.508518, 460.256479
1026.840110, 468.729088
1031.901782, 477.343544
1036.684573, 486.137164
1041.142011, 495.079513
1045.256319, 504.189092
1049.000971, 513.463089
1052.346191, 522.876759
1055.284546, 532.453207
1057.786262, 542.120842
1059.857140, 551.901704
1061.495887, 561.768497
1062.709375, 571.690625
1063.513757, 581.658730
1063.928584, 591.660245
1063.975755, 601.652416
1063.654111, 611.644948
1062.940163, 621.630287
1061.818038, 631.556080
1060.270686, 641.433678
1058.291040, 651.229770
1055.873618, 660.937310
1053.024053, 670.528644
1049.756086, 679.978295
1046.082406, 689.284105
1042.030070, 698.421938
1037.622997, 707.389300
1032.882963, 716.193454
1027.840267, 724.829267
1022.521891, 733.300828
1016.956544, 741.610384
1011.166534, 749.769284
1005.182370, 757.776080
999.018165, 765.649745
992.695280, 773.396781
986.234741, 781.022281
988.427459, 788.475587
994.995586, 796.022435
1001.360997, 803.740138
1007.506112, 811.625135
1013.423539, 819.685659
1019.097534, 827.917860
1024.513938, 836.317376
1029.667618, 844.892009
1034.539449, 853.623752
1039.120244, 862.506167
1043.408642, 871.545376
1047.391932, 880.720111
1051.066122, 890.021030
1054.428969, 899.437647
1057.479974, 908.958263
1060.220378, 918.569895
1062.656662, 928.273242
1064.789105, 938.038134
1066.626709, 947.863032
1068.178435, 957.746096
1069.451352, 967.669018
1070.454115, 977.612020
1071.198996, 987.587394
1071.695288, 997.574199
1071.954026, 1007.567410
1071.687811, 1017.546124
1066.991716, 1026.172688
1057.896058, 1029.913803
1048.163689, 1028.286919
1041.408589, 1021.180806
1039.992115, 1011.380710
1039.813022, 1001.378706
1039.387336, 991.394421
1038.698467, 981.403344
1037.734452, 971.455408
1036.479649, 961.539587
1034.918932, 951.659418
1033.042529, 941.845102
1030.833933, 932.083961
1028.289444, 922.416138
1025.397922, 912.839560
1022.157188, 903.376780
1018.568446, 894.047901
1014.630917, 884.858693
1010.351458, 875.825643
1005.734139, 866.951716
1000.798416, 858.261982
995.547399, 849.745469
990.007273, 841.424829
984.185158, 833.288172
978.105300, 825.345741
971.795406, 817.607216
965.248826, 810.039546
958.379427, 809.219658
951.291121, 816.280755
944.172237, 823.299962
937.000118, 830.260822
929.743457, 837.160229
922.420436, 843.951746
915.070006, 850.741380
907.696579, 857.484804
900.285444, 864.195907
892.850225, 870.897685
885.418653, 877.574775
877.967633, 884.251108
870.507222, 890.917251
863.033233, 897.571991
855.545211, 904.195647
848.230324, 911.000404
841.050794, 917.961403
834.017768, 925.063991
827.155278, 932.351398
820.529982, 939.832351
814.175110, 947.556724
808.148537, 955.538416
802.254865, 963.620055
796.785092, 971.981893
792.012654, 980.770427
788.164596, 989.991166
785.476426, 999.614658
784.140555, 1009.512100
783.231012, 1019.439049
777.458207, 1027.352850
767.957833, 1029.999959
758.483263, 1027.313683
752.743826, 1019.355200
752.102200, 1009.441357
753.049751, 999.490190
754.981971, 989.677881
757.837064, 980.105864
761.528470, 970.804108
765.933412, 961.826655
770.932604, 953.181086
776.436905, 944.827970
782.314935, 936.737309
788.421046, 928.814038
794.806694, 921.125316
801.465508, 913.653375
808.351637, 906.409571
815.447942, 899.365505
822.727819, 892.502473
830.158052, 885.809348
837.649576, 879.201770
845.065751, 872.492898
852.453643, 865.757277
859.842149, 859.003962
867.222427, 852.258056
874.609508, 845.520069
882.006961, 838.805846
889.449252, 832.124970
897.041124, 825.606771
904.479636, 818.928932
911.781120, 812.100065
919.001304, 805.180598
926.149762, 798.189182
933.244383, 791.149683
938.070862, 784.081422
930.760170, 777.259724
923.192453, 770.708565
915.525773, 764.305118
907.851660, 757.886489
900.136363, 751.523246
892.051260, 745.641144
883.948906, 739.784117
875.841770, 733.926380
867.751407, 728.071914
859.646640, 722.191004
851.576646, 716.313161
843.505665, 710.405665
835.449363, 704.471463
827.420659, 698.508334
819.417339, 692.496466
811.475134, 686.431228
803.606390, 680.255667
795.926680, 673.852644
788.393517, 667.283187
781.182406, 660.358680
774.423442, 653.003145
768.228721, 645.144287
762.778917, 636.763671
758.258296, 627.843915
754.871387, 618.454250
752.762012, 608.675661
752.003337, 598.716448
752.612727, 588.753508
754.583546, 578.947501
757.766648, 569.482622
762.006257, 560.421769
767.125819, 551.845641
772.997086, 543.745391
779.345523, 536.011083
785.970220, 528.538888
792.884485, 521.294562
800.005257, 514.295903
807.324906, 507.476433
814.791582, 500.819651
822.377467, 494.295651
830.042054, 487.894942
837.586173, 481.313835
845.361099, 475.040233
853.206605, 468.842076
861.054251, 462.627125
868.795516, 456.299898
876.608996, 450.061127
884.335880, 443.719169
891.987762, 437.291666
899.592669, 430.805619
907.145033, 424.251562
914.529154, 417.487500
921.742858, 410.568750
928.858411, 403.537500
929.676235, 396.476235
922.595067, 389.395067
915.535138, 382.335138
908.460391, 375.260391
901.383724, 368.183724
894.318150, 361.126413
887.210750, 354.076994
880.082950, 347.060687
872.924199, 340.081056
865.710793, 333.148913
858.407137, 326.326348
851.106095, 319.505556
844.042042, 312.423674
837.009410, 305.313864
830.039360, 298.150121
823.160455, 290.888088
816.418934, 283.488176
809.884023, 275.923462
803.511090, 268.226054
797.301809, 260.384377
791.297510, 252.399511
785.518615, 244.237752
780.004828, 235.880807
774.820056, 227.339994
770.001556, 218.575331
765.618260, 209.591107
761.730906, 200.371366
758.416894, 190.942088
755.737950, 181.308864
753.755408, 171.519892
752.505056, 161.590025
752.009674, 151.612205
753.848217, 141.896889
761.087317, 135.294714
770.900905, 134.205987
779.730370, 138.532127
783.840683, 147.439621
784.287672, 157.435238
785.563427, 167.340837
787.804051, 177.100111
790.893402, 186.596307
794.717384, 195.825949
799.162503, 204.788859
804.114275, 213.476410
809.485312, 221.913299
815.200452, 230.120928
821.196018, 238.118577
827.431103, 245.939032
833.865513, 253.601103
840.451873, 261.127324
847.178504, 268.526957
854.044805, 275.782063
861.023159, 282.946295
868.064408, 290.053016
875.130089, 297.130020
882.206834, 304.201805
889.282897, 311.243463
896.397283, 318.277980
903.545784, 325.279158
910.744988, 332.212785
918.111440, 338.969920
925.077734, 346.099024
931.869922, 353.437123
938.793359, 360.656438
945.807031, 367.787069
952.861719, 374.861702
965.785126, 754.348425
972.100067, 746.606734
978.265774, 738.729989
984.254275, 730.712077
990.023402, 722.564359
995.571386, 714.237335
1000.853605, 705.737958
1005.828377, 697.070288
1010.466797, 688.216431
1014.730711, 679.175256
1018.585419, 669.943311
1021.993305, 660.534781
1024.919225, 650.982894
1027.349346, 641.281995
1029.267134, 631.467425
1030.670945, 621.557419
1031.564657, 611.615828
1031.969899, 601.617465
1031.910733, 591.622192
1031.399709, 581.634656
1030.416500, 571.684073
1028.946249, 561.794761
1026.982030, 551.988016
1024.528150, 542.293462
1021.599697, 532.739432
1018.214774, 523.333542
1014.398226, 514.084537
1010.186683, 505.013291
1005.614319, 496.122443
1000.707385, 487.396505
995.518670, 478.864455
990.059072, 470.484697
984.363778, 462.259677
978.469758, 454.194347
972.381206, 446.252227
966.132592, 438.441452
959.740909, 430.749745
953.192183, 424.007813
946.104925, 431.067187
938.956050, 438.042188
931.662965, 444.890625
924.196565, 451.542188
918.066369, 456.617204
910.391926, 463.063434
902.791178, 469.480705
895.088362, 476.011139
887.405510, 482.550422
879.876285, 488.984488
872.334076, 495.456696
864.804322, 501.947930
857.268605, 508.477925
849.734729, 515.045416
842.216156, 521.646280
834.723492, 528.282129
827.236302, 534.988240
819.780482, 541.770487
812.379194, 548.663421
805.082541, 555.759865
798.327597, 563.168534
792.463582, 571.267789
787.830533, 580.127335
784.856761, 589.655890
784.031868, 599.593867
785.664592, 609.433388
789.455333, 618.660221
794.786279, 627.119650
801.102217, 634.855207
808.081099, 642.035677
815.477342, 648.750584
823.157214, 655.150503
831.053817, 661.281862
839.031866, 667.303796
847.062772, 673.270050
855.115789, 679.191492
863.199206, 685.093221
871.286224, 690.968191
879.385515, 696.832215
887.493601, 702.691116
895.604804, 708.549740
903.700998, 714.407176
911.789401, 720.291312
919.833846, 726.247404
927.733273, 732.362535
935.590319, 738.543403
943.306892, 744.910417
950.745154, 751.595762
957.764299, 758.709089
