1224.790735, 397.799121
1214.828770, 397.029564
1204.830576, 396.611408
1194.845340, 396.552837
1184.843243, 396.861527
1174.868648, 397.546318
1164.932921, 398.617155
1155.034712, 400.088636
1145.210493, 401.972821
1135.484285, 404.284931
1125.885437, 407.041710
1116.406760, 410.277024
1107.136971, 413.998066
1098.088038, 418.244469
1096.857614, 424.646212
1102.142797, 433.135719
1106.627634, 442.065609
1110.383260, 451.329027
1113.462892, 460.843021
1115.905835, 470.533760
1117.749935, 480.374012
1119.013945, 490.283098
1119.723322, 500.266339
1119.890821, 510.256952
1119.522412, 520.256515
1118.606408, 530.216024
1117.128203, 540.094841
1115.062630, 549.880343
1112.386579, 559.506216
1109.057329, 568.942138
1105.036516, 578.096282
1104.971628, 585.639509
1113.773331, 590.407189
1122.776676, 594.750079
1131.965754, 598.689635
1141.308762, 602.235270
1150.804490, 605.404315
1160.405774, 608.195867
1170.107139, 610.621396
1179.879929, 612.684466
1189.725786, 614.394039
1199.650199, 615.756163
1209.587762, 616.768512
1219.575030, 617.436924
1229.559417, 617.749785
1239.570350, 617.701069
1249.549134, 617.282861
1259.519362, 616.484625
1269.450743, 615.295800
1279.310649, 613.706538
1289.124232, 611.694026
1298.804190, 609.254977
1308.378021, 606.357295
1317.791096, 602.984247
1327.009369, 599.108879
1335.987840, 594.701136
1344.657790, 589.735059
1352.970447, 584.162087
1360.816158, 577.959216
1368.074489, 571.106260
1374.634740, 563.559015
1380.318211, 555.337747
1384.953197, 546.474765
1388.354429, 537.097944
1390.407033, 527.304678
1391.035781, 517.346758
1390.242652, 507.377026
1388.089995, 497.620147
1384.706935, 488.220808
1380.249202, 479.270389
1374.880503, 470.829024
1368.756481, 462.927219
1362.011608, 455.568741
1354.728814, 448.716863
1347.010036, 442.370103
1338.902094, 436.491226
1330.494275, 431.084197
1321.820170, 426.120038
1312.913571, 421.579364
1303.798871, 417.444476
1294.536853, 413.716683
1285.110199, 410.368080
1275.554268, 407.395964
1265.902181, 404.796461
1256.151576, 402.557578
1246.329195, 400.676649
1236.460178, 399.150144
1226.532801, 397.970134
517.200182, 564.005647
517.522600, 574.000612
517.844622, 583.983274
518.167297, 593.986199
518.619905, 603.976068
519.386991, 613.937858
520.469677, 623.875785
521.867402, 633.784451
523.577286, 643.646260
525.592220, 653.431756
527.914326, 663.160146
530.538440, 672.814258
533.457898, 682.377270
536.668754, 691.844523
540.167095, 701.211439
543.949037, 710.473512
548.000160, 719.603427
552.325776, 728.620180
556.916113, 737.508322
561.760027, 746.252989
566.858417, 754.861843
572.199554, 763.320523
577.770395, 771.615350
583.572049, 779.754395
589.600143, 787.739061
595.838634, 795.561239
602.278572, 803.212005
608.913296, 810.689733
615.745060, 818.002061
622.740963, 825.119908
629.939759, 832.087064
637.289545, 838.857328
644.812148, 845.455833
652.472026, 851.856105
660.303004, 858.090221
668.269019, 864.132447
676.374371, 869.989948
684.613389, 875.661742
692.969326, 881.139763
701.458837, 886.437662
710.053996, 891.540571
718.760691, 896.454901
727.585687, 901.186219
736.488016, 905.715170
745.498532, 910.059924
754.600355, 914.213727
764.148759, 917.036612
774.088995, 916.590671
783.330186, 912.915717
790.867536, 906.392869
795.822597, 897.778167
797.750142, 888.009533
796.356501, 878.148205
791.813414, 869.292704
784.599539, 862.424360
775.688077, 857.961389
766.625953, 853.717673
757.676504, 849.258106
748.836307, 844.577922
740.122813, 839.683091
731.533298, 834.568588
723.066016, 829.228616
714.748308, 823.675885
706.587704, 817.911657
698.574111, 811.923628
690.734084, 805.726100
683.058833, 799.306175
675.574350, 792.679200
668.273216, 785.831720
661.180810, 778.780107
654.305858, 771.526370
647.657246, 764.072620
641.230459, 756.404371
635.050047, 748.540543
629.126981, 740.476826
623.477615, 732.223868
618.119796, 723.800103
613.044119, 715.180610
608.269278, 706.384123
603.811834, 697.430440
599.679508, 688.324959
595.880126, 679.073284
592.427060, 669.696905
589.321680, 660.186451
586.580550, 650.580011
584.204562, 640.868643
582.200119, 631.059227
583.837652, 624.000000
593.836958, 624.000000
603.823103, 624.000000
613.829085, 624.000000
623.840994, 624.000000
633.830490, 624.000000
643.832214, 624.000000
653.840567, 624.000000
663.835762, 624.000000
673.842488, 624.000000
683.822865, 624.000000
693.831948, 624.000000
703.842463, 624.000000
713.834782, 624.000000
723.823984, 624.000000
733.833734, 624.000000
743.836706, 624.000000
753.837231, 624.000000
763.828385, 624.000000
773.836497, 624.000000
783.829407, 624.000000
793.838413, 624.000000
803.834010, 624.000000
813.835315, 624.000000
823.830759, 624.000000
833.842419, 624.000000
843.827310, 624.000000
853.825854, 624.000000
863.829599, 624.000000
873.830377, 624.000000
883.837424, 624.000000
893.826170, 624.000000
903.823785, 624.000000
913.823513, 624.000000
923.836105, 624.000000
933.837762, 624.000000
943.839526, 624.000000
953.835172, 624.000000
963.835995, 624.000000
973.835879, 624.000000
983.828707, 624.000000
993.825764, 624.000000
1003.838178, 624.000000
1013.824878, 624.000000
1023.831402, 624.000000
1033.833712, 624.000000
1043.842091, 624.000000
1053.832310, 624.000000
1063.831042, 624.000000
1073.830322, 624.000000
1083.838547, 624.000000
1093.830253, 624.000000
1103.829254, 624.000000
1113.825362, 624.000000
1123.823901, 624.000000
1133.828915, 624.000000
1143.827435, 624.000000
1153.836461, 624.000000
1163.840119, 624.000000
1173.836397, 624.000000
1183.835667, 624.000000
1193.830478, 624.000000
1203.838356, 624.000000
1213.830365, 624.000000
1223.841006, 624.000000
1233.830679, 624.000000
1243.829951, 624.000000
1253.830631, 624.000000
1263.833296, 624.000000
1273.839127, 624.000000
1283.839535, 624.000000
1293.839490, 624.000000
1303.839657, 624.000000
1313.836933, 624.000000
1323.837493, 624.000000
1333.836359, 624.000000
1343.564008, 624.229673
1341.821160, 634.076137
1339.698412, 643.860210
1337.207073, 653.542597
1334.353239, 663.116952
1331.137255, 672.592866
1327.575877, 681.932514
1323.676839, 691.130427
1319.440291, 700.196637
1314.888167, 709.095277
1310.021019, 717.836946
1304.855423, 726.402243
1299.400331, 734.787316
1293.674901, 742.974282
1287.676784, 750.976391
1281.427930, 758.774481
1274.930068, 766.383739
1268.206411, 773.785221
1261.258916, 780.985051
1254.104362, 787.973446
1246.760414, 794.741513
1239.219865, 801.303002
1231.490920, 807.656111
1223.590676, 813.792311
1215.527731, 819.710634
1207.310494, 825.410230
1198.947189, 830.890367
1190.435920, 836.156398
1181.804207, 841.195657
1173.039668, 846.019465
1164.170286, 850.616267
1155.182531, 854.996699
1146.083015, 859.159990
1137.087343, 863.474821
1129.714087, 870.156909
1124.941792, 878.902995
1123.273118, 888.716956
1124.905271, 898.537670
1129.649341, 907.288861
1136.992429, 914.002429
1146.138387, 917.937148
1156.063177, 918.672522
1165.695027, 916.143399
1174.835783, 912.081498
1183.884367, 907.832511
1192.836153, 903.396466
1201.698799, 898.766837
1210.466836, 893.943140
1219.122753, 888.932074
1227.661538, 883.734015
1236.078089, 878.349429
1244.378428, 872.771142
1252.556529, 866.999170
1260.595518, 861.041781
1268.479413, 854.908169
1276.223804, 848.582785
1283.812256, 842.074813
1291.248637, 835.376456
1298.507410, 828.506629
1305.592507, 821.457930
1312.506647, 814.222311
1319.225646, 806.820114
1325.752298, 799.243684
1332.080166, 791.494775
1338.195062, 783.585425
1344.091265, 775.518088
1349.777016, 767.274334
1355.224412, 758.887795
1360.428438, 750.361651
1365.396118, 741.677294
1370.108903, 732.859327
1374.561596, 723.911142
1378.748945, 714.836192
1382.670317, 705.626546
1386.306339, 696.320114
1389.665614, 686.886200
1392.727228, 677.375291
1395.498654, 667.756421
1397.965809, 658.069302
1400.128981, 648.306527
1401.980673, 638.496777
1403.525020, 628.608204
1404.753604, 618.681847
1405.664546, 608.734850
1406.259746, 598.734792
1406.601763, 588.745342
1406.924162, 578.750992
1407.246488, 568.758884
1402.158196, 564.000000
1392.159543, 564.000000
1382.162501, 564.000000
1372.160222, 564.000000
1362.165581, 564.000000
1352.155271, 564.000000
1342.166984, 564.000000
1332.161565, 564.000000
1322.169981, 564.000000
1312.159389, 564.000000
1302.171278, 564.000000
1292.162232, 564.000000
1282.155739, 564.000000
1272.167538, 564.000000
1262.159919, 564.000000
1252.164079, 564.000000
1242.160301, 564.000000
1232.156041, 564.000000
1222.155972, 564.000000
1212.162245, 564.000000
1202.157257, 564.000000
1192.155779, 564.000000
1182.153812, 564.000000
1172.163894, 564.000000
1162.161066, 564.000000
1152.155387, 564.000000
1142.156471, 564.000000
1132.154506, 564.000000
1122.157759, 564.000000
1112.154845, 564.000000
1102.152936, 564.000000
1092.158944, 564.000000
1082.159824, 564.000000
1072.161662, 564.000000
1062.170356, 564.000000
1052.171630, 564.000000
1042.170789, 564.000000
1032.152875, 564.000000
1022.163205, 564.000000
1012.166402, 564.000000
1002.167191, 564.000000
992.170245, 564.000000
982.159822, 564.000000
972.160812, 564.000000
962.157375, 564.000000
952.154001, 564.000000
942.155183, 564.000000
932.165415, 564.000000
922.168886, 564.000000
912.170213, 564.000000
902.153861, 564.000000
892.165033, 564.000000
882.168176, 564.000000
872.168367, 564.000000
862.170801, 564.000000
852.160975, 564.000000
842.164346, 564.000000
832.166906, 564.000000
822.155292, 564.000000
812.155508, 564.000000
802.154889, 564.000000
792.160610, 564.000000
782.161296, 564.000000
772.165217, 564.000000
762.162571, 564.000000
752.162980, 564.000000
742.158531, 564.000000
732.160481, 564.000000
722.163169, 564.000000
712.162615, 564.000000
702.156701, 564.000000
692.161958, 564.000000
682.163368, 564.000000
672.165628, 564.000000
662.160704, 564.000000
652.160366, 564.000000
642.150581, 564.000000
632.153366, 564.000000
622.154303, 564.000000
612.150597, 564.000000
602.152870, 564.000000
592.163354, 564.000000
582.162837, 564.000000
572.151399, 564.000000
562.165791, 564.000000
552.165350, 564.000000
542.157884, 564.000000
532.161733, 564.000000
522.151699, 564.000000
1041.892741, 870.100000
1031.893605, 870.100000
1021.903439, 870.100000
1011.899904, 870.100000
1001.905893, 870.100000
991.891426, 870.100000
981.902219, 870.100000
971.899977, 870.100000
961.905069, 870.100000
951.902699, 870.100000
941.908015, 870.100000
931.902632, 870.100000
921.897556, 870.100000
911.901256, 870.100000
901.901479, 870.100000
891.904097, 870.100000
881.896264, 870.107814
871.950010, 871.043476
862.279945, 873.525479
853.108108, 877.495802
844.673115, 882.835352
837.150397, 889.417048
830.724370, 897.078556
825.563808, 905.625921
821.795441, 914.871182
819.522507, 924.598183
818.801008, 934.561734
819.633205, 944.520741
822.014063, 954.230434
825.875767, 963.423271
831.134117, 971.927243
837.638023, 979.513009
845.231152, 986.008542
853.730668, 991.252000
862.939570, 995.109036
872.641132, 997.476854
882.615742, 998.299377
892.606815, 998.300000
902.615926, 998.300000
912.596877, 998.300000
922.612264, 998.300000
932.608988, 998.300000
942.614691, 998.300000
952.610798, 998.300000
962.603796, 998.300000
972.608369, 998.300000
982.609496, 998.300000
992.598828, 998.300000
1002.596620, 998.300000
1012.598017, 998.300000
1022.602099, 998.300000
1032.605912, 998.300000
1042.608126, 998.296112
1052.554356, 997.407283
1062.241370, 994.969266
1071.423644, 991.045354
1079.894751, 985.737286
1087.438579, 979.197411
1093.899664, 971.566351
1099.104793, 963.034260
1102.914284, 953.809882
1105.233498, 944.087218
1105.999953, 934.122447
1105.210041, 924.164039
1102.868673, 914.449794
1099.038663, 905.235901
1093.814803, 896.716397
1087.345415, 889.108538
1079.778386, 882.576777
1071.305382, 877.292928
1062.101818, 873.383830
1052.418708, 870.969908
1042.466639, 870.102489
1032.459409, 938.200000
1022.463149, 938.200000
1012.458854, 938.200000
1002.468980, 938.200000
992.462981, 938.200000
982.468161, 938.200000
972.463857, 938.200000
962.458228, 938.200000
952.466229, 938.200000
942.473235, 938.200000
932.472958, 938.200000
922.458784, 938.200000
912.457292, 938.200000
902.456263, 938.200000
892.458514, 938.200000
882.459175, 938.170997
880.742013, 930.700747
890.595746, 930.000000
900.599829, 930.000000
910.595686, 930.000000
920.593375, 930.000000
930.591775, 930.000000
940.583684, 930.000000
950.589694, 930.000000
960.595084, 930.000000
970.597111, 930.000000
980.597038, 930.000000
990.592830, 930.000000
1000.591488, 930.000000
1010.593478, 930.000000
1020.600940, 930.000000
1030.592577, 930.000000
1040.596767, 930.000000
1045.285103, 936.278771
948.096484, 443.495057
941.064443, 436.460515
932.104866, 432.140908
922.203022, 430.986688
912.493020, 433.127442
903.997568, 438.324922
897.654303, 445.984814
894.186207, 455.322329
893.955981, 465.274463
896.993767, 474.743500
902.413574, 483.150953
907.231379, 491.908979
911.030625, 501.146307
913.760809, 510.756069
915.388604, 520.625414
915.902764, 530.612712
917.669916, 540.398163
922.555363, 549.069311
930.021919, 555.674641
939.217313, 559.456734
949.161710, 560.025713
958.735121, 557.335163
966.901330, 551.646343
972.767137, 543.587499
975.653515, 534.074142
975.777901, 524.078282
975.049499, 514.105056
973.659684, 504.200820
971.608019, 494.415345
968.900133, 484.797618
965.539347, 475.374395
961.548441, 466.213370
956.939376, 457.338225
951.748921, 448.810288
879.070776, 390.509790
869.598024, 387.322131
859.931252, 384.778581
850.119494, 382.897083
840.186498, 381.682160
830.212717, 381.135834
820.207515, 381.248123
810.245648, 382.023310
800.347605, 383.466126
790.572030, 385.572782
780.962842, 388.335203
771.563786, 391.740587
762.418090, 395.771648
753.555870, 400.413835
745.031529, 405.636363
736.873546, 411.418601
729.121373, 417.730324
721.812349, 424.538180
714.962879, 431.827033
708.609239, 439.561964
702.792711, 447.693893
697.534351, 456.193890
692.854805, 465.033463
688.784983, 474.158252
685.339463, 483.538113
682.532050, 493.143765
680.383706, 502.903896
678.898141, 512.788135
678.078595, 522.752702
678.014391, 532.745530
680.507840, 542.376461
686.033426, 550.663467
693.966545, 556.688223
703.417302, 559.769138
713.380319, 559.603202
722.728729, 556.199548
730.447183, 549.915002
735.686973, 541.452956
737.856055, 531.742559
738.288215, 521.745598
739.773465, 511.873566
742.370378, 502.206583
746.037141, 492.912173
750.727585, 484.088699
756.375353, 475.847689
762.911127, 468.282451
770.245508, 461.493700
778.292462, 455.562616
786.946784, 450.571596
796.112705, 446.582840
805.676772, 443.653411
815.505748, 441.824837
825.464184, 441.111387
835.446875, 441.495313
845.343354, 442.993700
854.972343, 445.623970
864.418986, 448.898049
874.350373, 449.506176
883.933656, 446.806886
892.099845, 441.132193
897.970552, 433.084218
900.919146, 423.571088
900.601547, 413.632720
897.040263, 404.321256
890.624672, 396.711108
999.395724, 344.695825
992.105883, 337.847843
984.559022, 331.291010
976.765564, 325.038140
968.731901, 319.098007
960.454908, 313.473163
951.970791, 308.191728
943.277770, 303.254846
934.373432, 298.665444
925.307628, 294.451536
916.090280, 290.617374
906.698657, 287.155933
897.174457, 284.085453
887.538877, 281.413083
877.813605, 279.144122
867.986498, 277.276212
858.090486, 275.816514
848.159209, 274.768397
838.180109, 274.129348
828.175032, 273.900676
818.175446, 274.081247
808.200395, 274.670152
798.237316, 275.670586
788.354380, 277.076376
778.516153, 278.892904
768.756250, 281.116187
759.107493, 283.738479
749.579875, 286.755768
740.183388, 290.164038
730.928024, 293.959275
721.844573, 298.127399
712.931672, 302.667260
704.208646, 307.567694
695.693898, 312.815881
687.404810, 318.397396
679.348295, 324.303413
671.512821, 330.540311
663.941685, 337.070163
656.639533, 343.882156
649.584031, 350.991784
642.819597, 358.354408
636.342273, 365.972523
630.172633, 373.819556
624.288221, 381.924348
618.735722, 390.221250
613.493485, 398.739473
608.579253, 407.450161
603.997388, 416.343644
599.757017, 425.399564
595.861301, 434.607698
592.313374, 443.957888
589.116340, 453.440046
586.282678, 463.010072
583.800806, 472.702756
581.679561, 482.485446
579.924369, 492.324554
578.531403, 502.233178
577.504243, 512.177669
577.370214, 522.144040
580.291613, 531.654030
586.177119, 539.691492
594.358288, 545.362094
603.942159, 548.010796
613.884899, 547.380656
623.071383, 543.544001
630.503741, 536.936924
635.365360, 528.244640
637.136258, 518.441318
638.147471, 508.483973
639.626835, 498.603861
641.576388, 488.799302
643.996533, 479.087695
646.876137, 469.521547
650.216788, 460.100285
654.015925, 450.841575
658.254692, 441.795802
662.934414, 432.962996
668.049854, 424.360319
673.574966, 416.034724
679.511034, 407.986330
685.838668, 400.244758
692.548177, 392.824166
699.615976, 385.752372
707.031070, 379.048761
714.791495, 372.726037
722.859312, 366.823217
731.222290, 361.354641
739.867695, 356.334916
748.782281, 351.778913
757.903925, 347.721729
767.248341, 344.159197
776.766652, 341.113813
786.441518, 338.593008
796.255603, 336.604211
806.139351, 335.161014
816.109069, 334.260050
826.094160, 333.906165
836.102028, 334.097633
846.068007, 334.835546
855.975406, 336.118401
865.805471, 337.944553
875.522265, 340.307645
885.090572, 343.197529
894.492436, 346.606775
903.694012, 350.520680
912.678445, 354.929200
921.398815, 359.804385
929.855894, 365.141157
938.020673, 370.916683
945.866427, 377.105090
953.395496, 383.702093
960.567035, 390.664040
967.378467, 397.976156
973.821294, 405.626825
979.873643, 413.588912
985.516469, 421.832964
990.751828, 430.358728
995.562090, 439.135588
999.925185, 448.114648
1003.852271, 457.311362
1007.330465, 466.692745
1010.350161, 476.224523
1012.909400, 485.889238
1015.006350, 495.669775
1016.636728, 505.531055
1017.803255, 515.474542
1018.993167, 525.384206
1022.942522, 534.507085
1029.679264, 541.849755
1038.432484, 546.593645
1048.247656, 548.199965
1058.053571, 546.465216
1066.758364, 541.644514
1073.426926, 534.237670
1077.294019, 525.077368
1077.930951, 515.142315
1077.010870, 505.174983
1075.727771, 495.264266
1074.078838, 485.396522
1072.068301, 475.605384
1069.697811, 465.900865
1066.962225, 456.270602
1063.876182, 446.770215
1060.435475, 437.387318
1056.641972, 428.132463
1052.497597, 419.016342
1048.026059, 410.091173
1043.210769, 401.324804
1038.066169, 392.748009
1032.596624, 384.370455
1026.820397, 376.220647
1020.729418, 368.288378
1014.328021, 360.583248
1007.652663, 353.149274
1000.695111, 345.975919
1340.734894, 448.977465
1334.909543, 440.860473
1328.567339, 433.115467
1321.770977, 425.777797
1314.567231, 418.852748
1306.991297, 412.331836
1299.077057, 406.206167
1302.046556, 399.241480
1308.828584, 391.905818
1315.624797, 384.554812
1322.411120, 377.214502
1329.190393, 369.881820
1335.984241, 362.533372
1342.772266, 355.191222
1349.567633, 347.841132
1355.490701, 339.838677
1358.534090, 330.352736
1358.325351, 320.411187
1354.870006, 311.066309
1348.532197, 303.404619
1340.030461, 298.215349
1330.302957, 296.088995
1320.424239, 297.239818
1311.469818, 301.569695
1304.251923, 308.459763
1297.469797, 315.805328
1290.680401, 323.158766
1283.894860, 330.508028
1277.117592, 337.848331
1270.333591, 345.195926
1263.545730, 352.547701
1256.763306, 359.893589
1249.982914, 367.237275
1243.195254, 374.588832
1234.284761, 373.507136
1227.349157, 369.459396
1231.946340, 360.577460
1236.542048, 351.698373
1241.136519, 342.821676
1245.734631, 333.937946
1250.333494, 325.052764
1254.929508, 316.173087
1259.525626, 307.293208
1264.120642, 298.415459
1268.718340, 289.532527
1273.312227, 280.656960
1277.909519, 271.774813
1282.509402, 262.887660
1287.102126, 254.014338
1291.701503, 245.128163
1296.295517, 236.252351
1300.896120, 227.363807
1305.490287, 218.487699
1309.992001, 209.548087
1312.212140, 199.863230
1311.128045, 189.963270
1306.861952, 180.959382
1299.880818, 173.875253
1290.960799, 169.443580
1281.103480, 168.158872
1271.356815, 170.178403
1262.806843, 175.278118
1256.415542, 182.914483
1251.782932, 191.778827
1247.188681, 200.660039
1242.593829, 209.542411
1238.002218, 218.418519
1233.406590, 227.302392
1228.807124, 236.193685
1224.214134, 245.072459
1219.620812, 253.951873
1215.025721, 262.834708
1210.434174, 271.710692
1205.838698, 280.594271
1201.239861, 289.484347
1196.649956, 298.357157
1192.056970, 307.235924
1187.457801, 316.126641
1182.862545, 325.009795
1178.269911, 333.887880
1173.678386, 342.763823
1169.079586, 351.653826
1164.483549, 360.538490
1154.583725, 360.294037
1144.590304, 360.216152
1134.603188, 360.487859
1124.608589, 361.099808
1114.665726, 362.053121
1104.754683, 363.354072
1094.887741, 365.007552
1085.092768, 367.015053
1075.700129, 370.327606
1067.894698, 376.511001
1062.538603, 384.903095
1060.208490, 394.575107
1061.167944, 404.475694
1065.322109, 413.536799
1072.205850, 420.704195
1081.073610, 425.252463
1090.923958, 426.654143
1100.770758, 425.036471
1110.597228, 423.182760
1120.498098, 421.783654
1130.455688, 420.828395
1140.441311, 420.308840
1150.437764, 420.216692
1160.437865, 420.544063
1170.397313, 421.294416
1180.321158, 422.477932
1190.195841, 424.106971
1199.975532, 426.189301
1209.642278, 428.738021
1219.174559, 431.768525
1228.533503, 435.293050
1237.677721, 439.323469
1246.587605, 443.884685
1255.189611, 448.976919
1263.434902, 454.608431
1271.291658, 460.815955
1278.613122, 467.600974
1285.317982, 475.015372
1291.255187, 483.060266
1296.253006, 491.710164
1300.137484, 500.927599
1302.715800, 510.570921
1303.852254, 520.500044
1304.819594, 530.417963
1308.839892, 539.524333
1315.631817, 546.818199
1324.418708, 551.477949
1334.264227, 552.997848
1344.054953, 551.245606
1352.734296, 546.372908
1359.344710, 538.925985
1363.146404, 529.728139
1363.860616, 519.787066
1363.229277, 509.813002
1361.820035, 499.915081
1359.635917, 490.157181
1356.695747, 480.600327
1353.033949, 471.302081
1348.683685, 462.284766
