1052.000001, 592.005638
1056.595466, 600.414010
1066.152080, 601.099753
1071.897909, 593.426583
1068.559484, 584.447340
1059.193739, 582.391992
1052.407070, 589.175129
1062.005072, 386.800000
1072.005963, 387.036418
1081.972225, 387.748787
1091.888111, 388.941773
1101.762272, 390.623872
1111.524867, 392.788253
1121.165955, 395.433813
1130.656790, 398.552743
1139.988304, 402.141086
1149.141761, 406.168904
1158.090702, 410.634224
1166.808404, 415.532463
1175.267593, 420.850533
1183.458504, 426.583551
1191.356400, 432.714406
1198.953203, 439.235893
1206.213280, 446.113345
1213.129627, 453.323160
1219.702877, 460.855316
1225.909408, 468.692618
1231.739785, 476.832168
1237.154331, 485.221681
1242.169009, 493.887359
1246.751196, 502.772367
1250.900844, 511.867751
1254.584727, 521.168063
1257.804439, 530.623243
1260.558159, 540.238161
1262.830950, 549.968619
1264.621706, 559.807992
1265.927201, 569.729750
1266.746890, 579.686547
1267.088530, 589.690522
1266.956958, 599.688962
1266.349839, 609.673823
1265.262287, 619.610531
1263.693253, 629.468589
1261.636377, 639.256937
1259.098076, 648.925996
1256.079456, 658.465826
1252.589063, 667.847904
1248.656528, 677.040000
1244.293820, 686.025026
1239.489267, 694.798688
1234.263802, 703.316000
1228.622307, 711.567198
1222.569666, 719.542517
1216.136423, 727.203120
1209.345647, 734.528737
1202.210201, 741.538565
1194.757133, 748.196564
1186.984777, 754.489230
1178.915345, 760.396145
1170.573325, 765.899901
1161.968484, 770.995614
1153.127890, 775.669779
1144.080444, 779.912122
1134.813889, 783.705494
1125.386503, 787.030732
1115.798029, 789.890643
1106.092548, 792.269870
1096.276687, 794.167307
1086.376933, 795.579513
1076.420517, 796.506895
1066.435281, 796.953704
1056.431867, 796.927007
1046.448924, 796.426678
1036.491685, 795.445572
1026.610877, 793.982956
1016.797495, 792.032679
1007.101204, 789.600734
997.531943, 786.688224
988.118302, 783.303488
978.890898, 779.469026
969.852757, 775.200957
961.023615, 770.490331
952.448658, 765.357710
944.137653, 759.807978
936.100362, 753.846018
928.375875, 747.502031
920.970524, 740.785507
913.884356, 733.716910
907.153786, 726.343527
900.773699, 718.634932
894.778111, 710.627220
889.184602, 702.344758
883.998054, 693.797311
879.232150, 685.011843
874.889354, 675.999507
870.997133, 666.789475
867.566423, 657.390205
864.605805, 647.847665
862.119238, 638.167714
860.114214, 628.375906
858.591838, 618.478866
857.557982, 608.543238
857.004465, 598.557050
856.926282, 588.556419
857.321469, 578.555860
858.194800, 568.598656
859.550945, 558.695582
861.390416, 548.877139
863.714993, 539.153862
866.520381, 529.555398
869.798455, 520.110400
873.539674, 510.833320
877.712864, 501.742541
882.320021, 492.875276
887.368860, 484.226276
892.826590, 475.855942
898.697630, 467.757160
904.952122, 459.969267
911.593819, 452.484399
918.585037, 445.339578
925.903024, 438.536261
933.542342, 432.080343
941.486203, 425.994788
949.699490, 420.310210
958.192682, 415.021717
966.927001, 410.154539
975.894874, 405.711170
985.049544, 401.726044
994.416092, 398.207680
1003.941428, 395.147229
1013.597063, 392.556592
1023.373056, 390.440186
1033.239669, 388.805214
1043.166404, 387.655022
1053.142362, 386.988185
1060.864061, 364.802783
1050.859962, 365.068610
1040.889224, 365.768768
1030.952778, 366.905780
1021.085376, 368.477741
1011.288738, 370.485967
1001.586838, 372.927452
992.003361, 375.797010
982.561592, 379.087348
973.274357, 382.793376
964.174184, 386.900469
955.254075, 391.410685
946.527633, 396.318241
938.044545, 401.593727
929.780970, 407.251179
921.793124, 413.251225
914.066850, 419.602644
906.630500, 426.281985
899.495085, 433.278236
892.664523, 440.588320
886.157622, 448.193905
879.998200, 456.066862
874.195066, 464.194436
868.745638, 472.582209
863.671291, 481.200561
858.980495, 490.037093
854.690417, 499.059872
850.798726, 508.275567
847.320540, 517.651730
844.261064, 527.175401
841.630569, 536.812584
839.426609, 546.571498
837.657054, 556.418095
836.325717, 566.317389
835.429147, 576.278833
834.968518, 586.267782
834.941340, 596.275887
835.346676, 606.256570
836.187864, 616.223147
837.465352, 626.140574
839.179658, 635.996195
841.325726, 645.755510
843.903645, 655.416512
846.907997, 664.955458
850.331271, 674.349015
854.168306, 683.584254
858.413693, 692.647966
863.046217, 701.498473
868.073133, 710.151718
873.464498, 718.558278
879.234822, 726.741618
885.344114, 734.645905
891.801498, 742.284995
898.575894, 749.623020
905.678464, 756.671927
913.084057, 763.404678
920.764946, 769.796924
928.725590, 775.852322
936.937189, 781.548075
945.396334, 786.881013
954.081911, 791.836286
962.971901, 796.400748
972.063325, 800.571630
981.323898, 804.333078
990.750835, 807.683131
1000.321343, 810.612346
1009.990677, 813.108272
1019.777635, 815.176574
1029.648184, 816.809754
1039.567379, 818.004388
1049.544910, 818.763727
1059.534730, 819.086875
1069.525008, 818.977606
1079.515161, 818.434215
1089.475317, 817.453953
1099.370774, 816.038259
1109.189207, 814.188153
1118.928516, 811.902243
1128.543684, 809.190447
1138.053026, 806.046566
1147.391849, 802.492011
1156.568040, 798.525624
1165.568330, 794.152886
1174.360550, 789.390156
1182.932431, 784.245782
1191.271562, 778.728249
1199.356904, 772.852632
1207.184843, 766.621946
1214.718946, 760.066536
1221.971829, 753.175928
1228.916071, 745.974800
1235.533751, 738.482332
1241.821409, 730.702040
1247.761885, 722.653661
1253.339539, 714.358037
1258.545741, 705.827736
1263.371996, 697.075179
1267.809940, 688.112646
1271.847204, 678.962261
1275.473274, 669.646868
1278.686140, 660.169109
1281.470954, 650.572955
1283.830376, 640.850454
1285.756094, 631.035658
1287.243834, 621.163590
1288.299150, 611.202582
1288.915660, 601.232016
1289.098763, 591.242561
1288.849712, 581.245537
1288.166074, 571.269604
1287.045374, 561.327166
1285.489471, 551.452992
1283.497060, 541.648807
1281.071119, 531.938599
1278.223491, 522.366829
1274.948969, 512.914897
1271.258417, 503.616781
1267.166425, 494.505055
1262.670960, 485.572715
1257.788677, 476.851843
1252.516297, 468.336830
1246.884874, 460.076546
1240.892175, 452.065135
1234.560830, 444.331531
1227.901815, 436.886738
1220.910905, 429.726856
1213.620922, 422.886262
1206.035610, 416.368220
1198.174507, 410.190173
1190.058296, 404.368080
1181.681419, 398.899344
1173.073476, 393.805412
1164.246868, 389.094785
1155.233511, 384.784699
1146.026760, 380.872813
1136.659050, 377.374317
1127.143346, 374.294444
1117.513634, 371.643540
1107.761719, 369.419141
1097.921640, 367.629189
1088.006096, 366.275026
1078.049945, 365.359237
1068.065847, 364.879564
1061.994608, 698.700000
1052.019905, 698.237885
1042.112294, 696.844412
1032.396488, 694.528954
1022.930580, 691.303821
1013.812312, 687.202657
1005.117929, 682.264288
996.921631, 676.535765
989.294556, 670.071478
982.303755, 662.932208
975.999268, 655.167995
970.451915, 646.863383
965.702020, 638.074399
961.795835, 628.874992
958.771320, 619.341066
956.660768, 609.570088
955.477420, 599.640653
955.223530, 589.640668
955.895206, 579.672692
957.495921, 569.810587
960.020929, 560.132978
963.446856, 550.738645
967.733473, 541.723100
972.858550, 533.126258
978.753812, 525.056941
985.373953, 517.568322
992.657846, 510.727208
1000.555450, 504.583640
1008.981756, 499.207724
1017.862415, 494.648055
1027.159464, 490.931819
1036.739375, 488.116164
1046.562932, 486.211969
1056.511478, 485.239206
1066.507356, 485.193810
1076.460609, 486.074677
1086.294858, 487.885962
1095.911137, 490.615137
1105.231109, 494.240236
1114.159072, 498.719739
1122.637829, 504.019862
1130.577650, 510.079348
1137.925292, 516.852823
1144.626907, 524.294321
1150.594327, 532.307293
1155.786617, 540.835070
1160.164001, 549.822203
1163.681563, 559.194948
1166.293899, 568.837291
1167.987719, 578.689967
1168.751407, 588.654400
1168.589628, 598.643604
1167.499965, 608.579506
1165.478675, 618.383058
1162.546866, 627.935321
1158.724231, 637.178132
1154.053575, 646.015606
1148.580917, 654.373768
1142.346522, 662.196650
1135.420899, 669.399502
1127.854088, 675.932286
1119.713035, 681.734067
1111.068809, 686.750265
1101.995586, 690.933597
1092.569618, 694.244970
1082.868236, 696.654297
1072.968870, 698.141243
1062.991165, 698.695476
1053.011935, 505.660806
1043.148373, 507.257233
1033.530895, 509.985644
1024.296411, 513.808889
1015.563344, 518.673018
1007.446261, 524.507463
1000.053375, 531.227195
993.474023, 538.747912
987.792246, 546.980100
983.099339, 555.800324
979.454751, 565.107169
976.911197, 574.782662
975.505595, 584.673221
975.239986, 594.656822
976.112907, 604.620334
978.126454, 614.409633
981.262080, 623.903927
985.465688, 632.952871
990.698973, 641.483307
996.861386, 649.340306
1003.894172, 656.456056
1011.676214, 662.708902
1020.139522, 668.040178
1029.144879, 672.354675
1038.605160, 675.604262
1048.369715, 677.733575
1058.317166, 678.723090
1068.311950, 678.573460
1078.221432, 677.283522
1087.908849, 674.859587
1097.253689, 671.329029
1106.135861, 666.738485
1114.438104, 661.152043
1122.036734, 654.660438
1128.842129, 647.347547
1134.769830, 639.302598
1139.734427, 630.633643
1143.670509, 621.439581
1146.514324, 611.852944
1148.227584, 602.011096
1148.799993, 592.035081
1148.235394, 582.056996
1146.529657, 572.212582
1143.693030, 562.622871
1139.771065, 553.439943
1134.805501, 544.752173
1128.883697, 536.702621
1122.083718, 529.384628
1114.490011, 522.887427
1106.206271, 517.303264
1097.328987, 512.704567
1087.988390, 509.165340
1078.287951, 506.729106
1068.380854, 505.431531
1094.201557, 187.304214
1097.665261, 196.679578
1101.131463, 206.061701
1104.593206, 215.431757
1108.063629, 224.825307
1111.524721, 234.193599
1114.993978, 243.583993
1118.459749, 252.964950
1121.926053, 262.347352
1125.392653, 271.730554
1128.856203, 281.095734
1132.346423, 290.481598
1136.050609, 299.614555
1145.563301, 302.722663
1155.057749, 305.824809
1164.457987, 309.245845
1173.730951, 313.006965
1182.928860, 316.916019
1192.087171, 320.937215
1201.195965, 325.071941
1210.286031, 329.252399
1219.352649, 332.152765
1228.374086, 327.836056
1237.386750, 323.525868
1246.427387, 319.226681
1255.456755, 314.932851
1264.487579, 310.638330
1273.527273, 306.339590
1282.545167, 302.051218
1291.581754, 297.753956
1300.611548, 293.459924
1309.638692, 289.167152
1318.664562, 284.874986
1327.011117, 284.616529
1334.071904, 291.692533
1341.136778, 298.772633
1348.192741, 305.843802
1355.255764, 312.922048
1362.321914, 320.003427
1369.382569, 327.079299
1367.611066, 335.736668
1363.427051, 344.815574
1359.238320, 353.904714
1355.052028, 362.988561
1350.873274, 372.056051
1346.680602, 381.153741
1342.496012, 390.233895
1338.311783, 399.313267
1334.128677, 408.390201
1329.941952, 417.474988
1325.757464, 426.549545
1321.566512, 435.637789
1324.484155, 444.591557
1328.993796, 453.516889
1333.438187, 462.471543
1337.592664, 471.567963
1341.446661, 480.804714
1344.998321, 490.144732
1348.255251, 499.592931
1351.365785, 509.110238
1354.470129, 518.608602
1363.833037, 522.010240
1373.257539, 525.352920
1382.677784, 528.700608
1392.101942, 532.050963
1401.523680, 535.400458
1410.943537, 538.749283
1420.364559, 542.098524
1429.796443, 545.451625
1439.219753, 548.801679
1448.628890, 552.146694
1458.057905, 555.498775
1466.500000, 559.545256
1466.500000, 569.533737
1466.500000, 579.536363
1466.500000, 589.546302
1466.500000, 599.548822
1466.500000, 609.537412
1466.500000, 619.540815
1461.488426, 626.051513
1452.103468, 629.518762
1442.730457, 632.981597
1433.340569, 636.450667
1423.963445, 639.915022
1414.583415, 643.380450
1405.207395, 646.844397
1395.825677, 650.310449
1386.444812, 653.776186
1377.063568, 657.242062
1367.683996, 660.723037
1358.315087, 664.206953
1352.522639, 671.139802
1349.416843, 680.645420
1346.281769, 690.128190
1342.855943, 699.528275
1339.108746, 708.802710
1335.059399, 717.945086
1330.727127, 726.948998
1326.200701, 735.873110
1321.672375, 744.791139
1323.687521, 753.783512
1327.995839, 762.817082
1332.289601, 771.835308
1336.585622, 780.869285
1340.878194, 789.896011
1345.171877, 798.925071
1349.468371, 807.960044
1353.766952, 816.999404
1358.057608, 826.022098
1362.355637, 835.060298
1366.651170, 844.093249
1370.943422, 853.119301
1365.616133, 860.483867
1358.538898, 867.561102
1351.474870, 874.625130
1344.399406, 881.700594
1337.332526, 888.767474
1330.253981, 895.846019
1322.647322, 899.863125
1313.565867, 895.653651
1304.490775, 891.447127
1295.430990, 887.247698
1286.343407, 883.035384
1277.273378, 878.831207
1268.198630, 874.624842
1259.133845, 870.423095
1250.056712, 866.215625
1240.981323, 862.008964
1231.906966, 857.812539
1222.833159, 853.628244
1213.793626, 852.268483
1204.869546, 856.777492
1195.949094, 861.280858
1186.921466, 865.588712
1177.760397, 869.585934
1168.472866, 873.284292
1159.064203, 876.692972
1149.565829, 879.837510
1140.067547, 882.941826
1133.630078, 889.208252
1130.289563, 898.626650
1126.944541, 908.050171
1123.592789, 917.478259
1120.244812, 926.895729
1116.898037, 936.309815
1113.546004, 945.738695
1110.196583, 955.160224
1106.844698, 964.588686
1103.495725, 974.008957
1100.144810, 983.434690
1096.798076, 992.848664
1089.378101, 996.500000
1079.364875, 996.500000
1069.368450, 996.500000
1059.382642, 996.500000
1049.378716, 996.500000
1039.370916, 996.500000
1029.655378, 996.108544
1026.187013, 986.720567
1022.724109, 977.347367
1019.255719, 967.959321
1015.788760, 958.575147
1012.325454, 949.200862
1008.859558, 939.819566
1005.391868, 930.433413
1001.924719, 921.048727
998.461661, 911.675113
994.990457, 902.291904
991.508085, 892.927149
987.532802, 884.049331
978.037262, 880.946828
968.521906, 877.837850
959.139729, 874.396296
949.879160, 870.630365
940.682031, 866.715625
931.533781, 862.693661
922.425708, 858.554069
913.337064, 854.374265
904.266860, 851.829298
895.234166, 856.151394
886.223887, 860.459289
877.187839, 864.756295
868.164306, 869.047349
859.134344, 873.341461
850.090627, 877.642114
841.068981, 881.932271
832.043379, 886.224309
822.997833, 890.525832
813.965653, 894.820998
804.948755, 899.108897
796.693321, 898.887272
789.631364, 891.810096
782.568006, 884.731514
775.501507, 877.649787
768.437781, 870.570836
761.382012, 863.499861
754.317237, 856.419861
756.568328, 847.682483
760.758871, 838.599584
764.947664, 829.520475
769.139591, 820.434575
773.330364, 811.351176
777.512675, 802.286120
781.707762, 793.193371
785.894257, 784.119243
790.084495, 775.037004
794.270139, 765.964724
798.463360, 756.871590
802.649982, 747.792736
799.281466, 738.844569
794.777148, 729.929773
790.338615, 720.959904
786.203749, 711.864644
782.364592, 702.620407
778.823947, 693.263768
775.581689, 683.808154
772.477736, 674.310982
769.112607, 665.062600
759.677049, 661.715998
750.262834, 658.376966
740.839513, 655.027788
731.410588, 651.675738
721.981741, 648.323716
712.562395, 644.975072
703.148511, 641.628369
693.725810, 638.278532
684.300801, 634.927875
674.882862, 631.579731
665.457402, 628.228913
657.500000, 623.840747
657.500000, 613.843095
657.500000, 603.841875
657.500000, 593.848942
657.500000, 583.837766
657.500000, 573.834648
657.500000, 563.834718
662.997372, 557.669010
672.380850, 554.202308
681.750738, 550.740626
691.132518, 547.274552
700.525509, 543.804335
709.902989, 540.339849
719.273708, 536.877861
728.653458, 533.412536
738.039855, 529.944756
747.425660, 526.477194
756.788013, 523.001442
766.165210, 519.514445
771.635623, 512.275822
774.744250, 502.761539
777.967304, 493.301069
781.625595, 484.000558
785.482000, 474.775809
789.461804, 465.594718
793.542995, 456.472068
797.718833, 447.383468
801.893306, 438.306415
799.824589, 429.263747
795.510231, 420.247225
791.202163, 411.206224
786.914324, 402.189451
782.615762, 393.150131
778.319553, 384.115758
774.026420, 375.087854
769.731841, 366.056910
765.439743, 357.031183
761.145540, 348.001028
756.852904, 338.974170
752.556092, 329.938529
758.947989, 322.752011
766.017534, 315.682466
773.090976, 308.609024
780.161452, 301.538548
787.230334, 294.469666
794.313905, 287.386095
802.145948, 284.589844
811.222583, 288.777496
820.302801, 292.966802
829.385130, 297.157081
838.453376, 301.340863
847.546774, 305.536250
856.626038, 309.725115
865.696194, 313.909778
874.775429, 318.098630
883.857178, 322.288642
892.945167, 326.480414
902.026190, 330.668036
911.031119, 331.214803
919.973275, 326.696661
928.899632, 322.197619
937.934849, 317.922192
947.110887, 313.952390
956.421351, 310.277472
965.819213, 306.903664
975.312373, 303.775468
984.820006, 300.668095
990.681721, 293.812646
994.022387, 284.393827
997.369418, 274.966698
1000.719010, 265.544687
1004.068515, 256.122921
1007.416474, 246.705500
1010.769022, 237.275173
1014.118135, 227.854509
1017.468810, 218.429450
1020.815536, 209.015501
1024.166761, 199.588895
1027.515465, 190.169382
1035.562235, 187.400000
1045.568989, 187.400000
1055.566428, 187.400000
1065.574146, 187.400000
1075.570691, 187.400000
1085.560222, 187.400000
1123.533057, 143.300000
1113.529180, 143.300000
1103.541407, 143.300000
1093.526263, 143.300000
1083.526423, 143.300000
1073.534630, 143.300000
1063.530794, 143.300000
1053.532094, 143.300000
1043.543079, 143.300000
1033.531488, 143.300000
1023.528465, 143.300000
1013.531803, 143.300000
1003.528096, 143.300000
996.107244, 146.937755
992.757391, 156.364085
989.406519, 165.793285
986.060079, 175.210011
982.714596, 184.624045
979.362703, 194.056114
976.014166, 203.478743
972.667044, 212.897389
969.318635, 222.319655
965.965627, 231.754863
962.620903, 241.166761
959.269903, 250.596318
955.924072, 260.011333
949.237056, 266.051872
939.836560, 269.460317
930.535102, 273.126075
921.330511, 277.060448
912.267118, 281.254176
903.255345, 282.797173
894.171570, 278.611816
885.092939, 274.428829
876.003796, 270.240998
866.927663, 266.059162
857.847786, 261.875601
848.762216, 257.689417
839.674999, 253.502474
830.605894, 249.323876
821.513352, 245.134479
812.430151, 240.949387
803.353850, 236.767474
794.268149, 232.581229
786.050584, 233.249416
778.983126, 240.316874
771.914228, 247.385772
764.836330, 254.463670
757.761281, 261.538719
750.693499, 268.606501
743.621063, 275.678937
736.558082, 282.741918
729.488042, 289.811958
722.408157, 296.891843
715.342541, 303.957459
708.271363, 311.028637
701.204829, 318.095171
701.958027, 326.516144
706.258992, 335.554403
710.554919, 344.582076
714.855076, 353.618637
719.148121, 362.640253
723.442535, 371.664747
727.741849, 380.699538
732.036318, 389.724146
736.335322, 398.758285
740.634706, 407.793223
744.929646, 416.818821
749.228425, 425.852487
753.521983, 434.875182
750.721536, 443.981898
746.688521, 453.133442
742.767367, 462.324722
738.993880, 471.582849
735.470223, 480.946092
728.340863, 486.601433
718.959924, 490.066954
709.576697, 493.533319
700.202201, 496.996460
690.829890, 500.458793
681.447660, 503.924790
672.060986, 507.392429
662.678942, 510.858358
653.297230, 514.324164
643.911590, 517.791421
634.532385, 521.256301
625.149959, 524.722371
615.771852, 528.186845
613.300000, 536.453631
613.300000, 546.464140
613.300000, 556.450050
613.300000, 566.463383
613.300000, 576.459835
613.300000, 586.464210
613.300000, 596.460645
613.300000, 606.468117
613.300000, 616.452074
613.300000, 626.449153
613.300000, 636.453602
613.300000, 646.449951
613.300000, 656.463788
622.681428, 659.833896
632.106647, 663.183354
641.535490, 666.534100
650.952910, 669.880786
660.374069, 673.228802
669.792417, 676.575818
679.221688, 679.926716
688.641312, 683.274185
698.057495, 686.620432
707.483720, 689.970248
716.915369, 693.321990
726.337470, 696.670340
734.790309, 700.969572
738.103419, 710.403338
741.676667, 719.740937
745.512125, 728.969225
749.616011, 738.087187
753.994614, 747.093806
750.207321, 756.165591
746.027894, 765.236496
741.836705, 774.332928
737.658835, 783.400455
733.466980, 792.498332
729.284458, 801.575954
725.100750, 810.656150
720.913727, 819.743540
716.731970, 828.819503
712.546373, 837.903798
708.364779, 846.979406
704.176227, 856.070116
700.544398, 865.044398
707.621131, 872.121131
714.688627, 879.188627
721.766876, 886.266876
728.832001, 893.332001
735.906955, 900.406955
742.974165, 907.474165
750.042783, 914.542783
757.117955, 921.617955
764.193979, 928.693979
771.260942, 935.760942
778.335416, 942.835416
785.407878, 949.907878
793.081419, 953.476428
802.114931, 949.177722
811.138926, 944.883546
820.172882, 940.584628
829.188467, 936.294453
838.235162, 931.989475
847.259278, 927.695240
856.284956, 923.400262
865.321134, 919.100288
874.353059, 914.802337
883.382133, 910.505744
892.408528, 906.210425
901.426575, 901.919078
910.495502, 901.511558
919.630971, 905.581839
928.815402, 909.552803
938.049562, 913.391618
947.365501, 917.030158
955.277847, 921.876276
958.747006, 931.267063
962.211706, 940.645782
965.672480, 950.013873
969.137088, 959.392342
972.605374, 968.780767
976.070753, 978.161323
979.534574, 987.537660
983.001750, 996.923082
986.470010, 1006.311436
989.932910, 1015.685282
993.398994, 1025.067747
996.860362, 1034.437446
1002.640373, 1040.500000
1012.643531, 1040.500000
1022.652761, 1040.500000
1032.635315, 1040.500000
1042.654291, 1040.500000
1052.644502, 1040.500000
1062.636707, 1040.500000
1072.644050, 1040.500000
1082.645002, 1040.500000
1092.651858, 1040.500000
1102.649153, 1040.500000
1112.653855, 1040.500000
1122.652462, 1040.500000
1128.559493, 1034.704683
1131.907875, 1025.282492
1135.253521, 1015.867999
1138.606653, 1006.432442
1141.951851, 997.019211
1145.297872, 987.603663
1148.649479, 978.172397
1151.994752, 968.758954
1155.345737, 959.329439
1158.697854, 949.896736
1162.046800, 940.472958
1165.391592, 931.060870
1168.739987, 921.638642
1176.816443, 916.990549
1186.192611, 913.516692
1195.471624, 909.778223
1204.628920, 905.778439
1213.675341, 901.506499
1222.706205, 901.998764
1231.783107, 906.180954
1240.865245, 910.365557
1249.952217, 914.552387
1259.026522, 918.733381
1268.117561, 922.922084
1277.194401, 927.104246
1286.268957, 931.285356
1295.348060, 935.468560
1304.441907, 939.658558
1313.526875, 943.844465
1322.598971, 948.024441
1331.685129, 952.210895
1339.425195, 948.874805
1346.502138, 941.797862
1353.560474, 934.739526
1360.639773, 927.660227
1367.706373, 920.593627
1374.776692, 913.523308
1381.844550, 906.455450
1388.923111, 899.376889
1395.997569, 892.302431
1403.061103, 885.238897
1410.135913, 878.164087
1417.205459, 871.094541
1424.282143, 864.017857
1420.819056, 855.134248
1416.521076, 846.102261
1412.222474, 837.068968
1407.928846, 828.046125
1403.635827, 819.024564
1399.335820, 809.988317
1395.038980, 800.958726
1390.744456, 791.934003
1386.442973, 782.894654
1382.151622, 773.876596
1377.849081, 764.835026
1373.553228, 755.807509
1369.959131, 746.788978
1374.333543, 737.789233
1378.442402, 728.678496
1382.283802, 719.445981
1385.845856, 710.104165
1389.122172, 700.654061
1397.745430, 696.453961
1407.126801, 692.988281
1416.504157, 689.524084
1425.886010, 686.058226
1435.266472, 682.592882
1444.644544, 679.128420
1454.029695, 675.661344
1463.404266, 672.198176
1472.774667, 668.736549
1482.169077, 665.266052
1491.543875, 661.802800
1500.929521, 658.335541
1510.303714, 654.872512
1510.500000, 645.014677
1510.500000, 634.998622
1510.500000, 625.010787
1510.500000, 615.013889
1510.500000, 605.007884
1510.500000, 595.005201
1510.500000, 585.008111
1510.500000, 574.997575
1510.500000, 564.999601
1510.500000, 555.004663
1510.500000, 545.014069
1510.500000, 535.011527
1508.244009, 526.598284
1498.815594, 523.247690
1489.406118, 519.903827
1479.976359, 516.552756
1470.544732, 513.201021
1461.131968, 509.855989
1451.705793, 506.506191
1442.286351, 503.158786
1432.863354, 499.810117
1423.446670, 496.463693
1414.022590, 493.114639
1404.595326, 489.764455
1395.173788, 486.416305
1388.228124, 480.629176
1384.851236, 471.215409
1381.212321, 461.898269
1377.314465, 452.702446
1373.141535, 443.605615
1370.426602, 434.605967
1374.607524, 425.531819
1378.790951, 416.452233
1382.982994, 407.353947
1387.160237, 398.287783
1391.349885, 389.194694
1395.532376, 380.117139
1399.718313, 371.032106
1403.904221, 361.947135
1408.089600, 352.863313
1412.271605, 343.786812
1416.457087, 334.702768
1420.639120, 325.626207
1421.527211, 317.127211
1414.454444, 310.054444
1407.387866, 302.987866
1400.309147, 295.909147
1393.237554, 288.837554
1386.172236, 281.772236
1379.102664, 274.702664
1372.037225, 267.637225
1364.965164, 260.565164
1357.882357, 253.482357
1350.818854, 246.418854
1343.747895, 239.347895
1336.680242, 232.280242
1328.519922, 231.471875
1319.490913, 235.772145
1310.463318, 240.071742
1301.446182, 244.366357
1292.413695, 248.668283
1283.380754, 252.970426
1274.361646, 257.265980
1265.326395, 261.569224
1256.293714, 265.871242
1247.277829, 270.165262
1238.237092, 274.471118
1229.216820, 278.767226
1220.183237, 283.069675
1211.095323, 281.356429
1201.953769, 277.320061
1192.760028, 273.382707
1183.508223, 269.583295
1174.163127, 266.008710
1167.751627, 259.652736
1164.296526, 250.271285
1160.841170, 240.889142
1157.379124, 231.488833
1153.924569, 222.108864
1150.472394, 212.735356
1147.012172, 203.340002
1143.555995, 193.955629
1140.100683, 184.573604
1136.647284, 175.196774
1133.190913, 165.811874
1129.736601, 156.432566
1126.277539, 147.040357
